# Dense random graph
20 120
7 17
4 9
3 13
5 10
5 19
8 18
9 17
0 14
13 17
6 11
7 10
18 19
12 18
5 12
8 11
0 7
2 4
9 19
11 16
1 8
1 17
15 16
6 13
13 19
7 12
14 17
9 12
1 10
1 19
15 18
7 14
3 10
5 7
3 19
0 2
14 19
5 16
9 14
1 3
10 15
13 14
7 16
12 15
5 9
4 11
5 18
1 5
10 17
1 14
13 16
2 13
3 5
12 17
5 11
8 13
1 7
2 6
1 16
11 18
2 15
13 18
4 6
12 19
14 16
3 16
5 13
8 15
10 12
2 8
1 18
6 17
4 8
14 18
1 2
0 4
8 17
0 13
6 10
6 19
7 18
12 14
3 11
4 10
1 4
8 19
10 16
9 18
2 12
4 12
8 12
1 6
0 8
2 5
10 18
11 17
2 14
6 14
7 13
0 1
5 15
8 14
10 11
0 10
11 19
2 16
6 7
15 19
7 15
4 7
5 8
0 3
5 17
17 19
8 16
9 15
0 12
2 9
10 13
11 12
7 8
