# Medium dense graph
20 114
6 18
3 13
0 5
8 18
11 14
0 14
1 15
6 11
18 19
12 18
3 15
9 10
2 4
9 19
1 8
1 17
13 19
6 13
7 12
3 17
1 10
1 19
7 14
12 13
3 10
0 2
4 18
9 14
10 15
1 12
16 19
7 16
12 15
5 9
4 11
5 18
9 16
13 16
1 14
2 13
7 9
12 17
3 14
5 11
4 13
2 6
10 19
13 18
11 18
2 15
7 11
3 7
4 6
12 19
14 16
5 13
4 15
3 16
17 18
8 15
10 12
1 9
0 11
1 18
2 17
6 8
4 8
3 18
4 17
1 2
0 4
10 14
11 13
2 10
2 19
7 18
12 14
3 11
4 10
4 19
8 10
1 4
8 19
1 13
0 15
2 12
3 4
9 11
0 8
10 18
11 17
2 14
7 13
4 5
0 1
8 14
9 13
2 7
11 19
0 19
6 7
15 19
6 16
16 18
7 15
4 7
5 8
0 3
5 17
17 19
10 13
0 12
11 12
6 9
