# Larger dense graph
22 143
15 21
6 18
16 20
7 17
4 9
3 13
5 10
8 9
0 5
17 21
5 19
9 17
11 14
13 17
18 19
12 18
14 15
5 12
8 11
3 15
9 10
0 7
2 4
5 21
0 16
11 16
1 17
15 16
18 21
7 21
3 8
12 20
14 17
0 9
9 21
13 21
15 18
1 19
16 17
7 14
12 13
0 2
14 19
4 18
9 14
1 3
10 15
13 14
1 21
2 20
7 16
5 9
4 11
4 20
19 20
8 20
13 16
2 13
7 9
3 5
20 21
12 17
3 14
5 11
4 13
8 13
1 7
10 19
13 18
2 15
7 11
3 7
4 6
12 19
14 16
3 16
5 13
4 15
17 18
8 15
10 12
0 11
2 8
15 20
3 9
4 8
12 21
14 18
3 18
1 2
17 20
10 14
1 11
2 10
1 20
2 19
6 19
7 18
12 14
3 11
4 10
4 19
0 6
2 3
5 20
0 15
2 12
11 15
2 21
7 20
18 20
4 12
8 12
2 5
19 21
10 18
8 21
0 17
11 17
13 20
15 17
6 14
7 13
5 15
10 11
9 13
0 10
0 19
15 19
16 18
4 7
4 16
0 3
3 20
8 16
5 17
11 12
0 12
2 9
11 21
2 18
13 15
7 8
