# Dense graph - multiple biconnected components
18 107
7 17
4 9
0 5
9 17
11 14
2 11
0 14
6 11
7 10
3 15
8 11
9 10
0 7
2 4
11 16
1 8
15 16
6 13
7 12
3 8
3 17
5 14
14 17
9 12
1 10
16 17
7 14
3 10
0 2
5 16
9 14
1 3
10 15
1 12
7 16
12 15
5 9
4 11
9 16
1 5
10 17
1 14
13 16
2 13
7 9
12 17
4 13
1 16
7 11
6 15
3 7
4 6
14 16
5 13
3 16
4 15
8 15
10 12
0 11
2 17
6 8
3 9
4 8
4 17
1 2
8 17
1 11
0 13
2 10
11 13
6 10
12 14
4 10
8 10
1 4
2 3
1 13
11 15
2 12
0 15
3 4
4 12
1 6
9 11
0 17
2 14
11 17
6 14
7 13
4 5
4 14
5 15
8 14
2 7
2 16
7 15
4 7
4 16
5 8
5 17
8 16
10 13
9 15
11 12
2 9
13 15
6 9
