# Large dense graph
25 165
7 17
4 9
3 13
5 10
3 22
5 19
17 21
0 5
9 17
0 14
2 11
11 14
1 15
7 10
1 24
20 22
12 18
14 15
8 11
9 10
3 24
2 4
4 23
0 7
11 16
1 17
6 13
7 12
16 24
3 8
20 24
12 20
14 17
5 14
9 12
9 21
10 22
15 18
16 17
18 23
7 23
5 7
22 23
12 22
0 2
4 18
9 14
1 3
1 12
1 21
2 20
16 19
7 16
12 15
3 12
23 24
3 21
14 21
12 24
5 18
9 16
1 5
8 20
10 17
1 14
19 20
2 13
7 9
3 5
20 21
3 14
5 11
4 13
3 23
14 23
4 22
1 7
19 22
1 16
11 18
2 15
2 24
16 23
3 7
20 23
4 6
3 16
4 24
8 15
10 12
1 9
0 11
2 8
8 24
10 21
9 23
2 17
21 24
3 18
14 18
4 17
8 17
11 13
10 23
1 20
11 22
0 22
12 14
4 10
12 23
4 19
0 6
5 20
2 3
9 18
1 13
11 15
2 12
0 24
6 12
15 24
18 20
12 16
1 6
0 8
17 24
19 21
10 18
9 20
11 17
2 14
2 23
13 20
6 14
7 13
6 23
18 22
4 5
0 1
10 11
5 24
8 23
19 23
9 22
0 19
2 16
6 7
13 22
6 16
16 18
7 15
4 7
21 23
5 8
22 24
14 20
17 19
8 16
0 3
10 13
11 12
2 9
9 24
2 18
7 8
