# 1250 vertices, dense
1250 5000
116 445
429 676
88 383
602 604
10 692
293 751
232 512
209 1023
550 1087
662 739
68 525
666 1154
691 918
27 349
210 995
1101 1203
1 67
66 987
758 1214
3 5
299 821
560 862
651 980
1093 1096
683 932
208 410
676 929
46 762
211 829
496 1227
477 948
558 644
70 1055
870 879
522 583
21 1055
39 843
1123 1217
18 491
671 1056
303 660
715 833
16 832
921 938
768 1110
110 615
127 784
237 427
154 429
310 905
939 1113
166 897
735 1054
174 263
135 271
112 553
629 779
1106 1118
182 733
545 785
103 854
827 885
689 1180
188 669
48 100
144 333
209 728
709 785
621 672
596 844
983 1024
642 731
300 967
883 1022
248 282
194 1214
519 745
219 224
582 801
222 229
908 971
378 742
122 1230
35 295
425 450
919 958
288 1091
188 1153
436 989
799 812
114 709
688 981
152 412
723 1204
767 981
500 866
637 871
1137 1157
177 886
980 1210
966 1046
119 127
850 1100
430 514
80 135
1063 1100
120 473
586 1175
138 527
377 772
19 1064
621 1169
52 194
24 361
777 864
54 240
207 482
281 1185
228 541
178 720
956 1216
729 944
636 1130
257 316
243 677
67 192
204 426
211 1139
369 493
281 380
632 1132
2 965
1030 1178
128 323
307 554
148 1204
803 1135
440 1083
797 832
269 1201
62 1137
411 796
925 1017
394 563
232 272
1064 1068
687 1081
482 568
1134 1248
573 915
614 724
6 50
88 614
635 1012
607 684
1 874
472 496
306 692
435 1102
199 337
190 517
44 399
936 1246
658 743
160 466
250 396
642 920
769 961
182 1164
414 504
609 1093
1100 1101
644 821
31 69
333 636
725 1160
43 79
328 706
1 311
789 1037
99 590
119 1242
310 544
304 470
466 1057
73 308
405 818
878 1230
470 1176
625 821
387 1178
696 701
85 547
374 421
847 870
360 486
318 526
735 814
26 88
64 380
74 1068
762 1176
321 945
209 475
33 249
764 993
681 699
404 421
91 604
443 763
357 1248
295 370
2 791
106 619
50 953
279 547
353 496
246 370
600 602
20 27
259 309
844 999
321 958
314 733
434 835
709 774
681 712
369 561
682 792
635 946
48 920
1011 1233
670 674
143 1157
67 381
688 728
812 1023
70 386
346 964
1122 1185
175 1082
137 561
276 905
515 1150
109 499
417 615
754 1203
134 263
15 46
746 790
869 1126
234 615
294 400
1168 1193
166 1154
730 1196
881 1136
540 806
1 3
751 1026
484 911
737 1091
860 1198
661 1217
105 1036
397 1144
111 521
9 510
1001 1029
288 1093
169 876
466 1099
755 973
1 16
11 1229
110 188
315 822
296 580
282 645
620 640
773 919
372 575
313 1163
597 693
3 183
147 1130
678 995
764 806
741 1051
364 1064
754 761
224 303
965 1210
803 882
25 588
787 1059
745 1062
3 196
127 491
753 1182
28 1128
451 1002
7 22
657 1070
144 256
77 266
610 702
54 484
157 1134
174 320
757 1129
158 312
1051 1118
603 662
715 903
357 1195
234 307
818 1001
78 962
677 769
181 336
709 721
1140 1173
381 855
1016 1137
97 1096
298 857
886 1027
96 908
913 1130
932 1143
1119 1235
1136 1175
201 372
24 739
404 960
675 965
655 727
39 229
70 333
770 1202
481 1099
262 503
102 285
617 1145
904 1138
799 856
716 858
222 286
691 1030
171 506
1103 1240
248 460
561 691
1135 1192
99 108
488 563
1128 1189
47 820
778 810
103 1166
841 866
422 1148
783 861
48 412
3 117
294 589
269 761
112 289
554 1159
512 933
537 697
227 885
115 415
543 633
405 928
275 589
338 874
324 939
10 254
727 1100
278 1008
45 248
616 1003
72 85
677 690
733 770
1039 1042
170 364
958 1117
510 698
45 598
28 954
537 1060
325 423
743 936
608 711
387 483
258 598
521 1237
185 1022
501 999
933 1181
12 313
476 942
981 1114
82 264
59 775
418 1122
603 609
737 838
902 942
502 1200
284 1014
614 660
605 840
481 1033
129 322
1108 1131
874 964
731 1181
92 1194
708 1197
858 1141
1017 1134
363 381
767 959
937 1141
923 1243
441 1203
964 1015
386 1038
911 1125
855 964
327 579
63 735
868 903
684 1082
334 969
339 1047
282 284
89 872
732 978
759 852
198 1044
910 1021
882 922
274 1039
150 515
931 1080
649 1101
850 862
785 1147
692 919
268 362
1109 1207
345 582
179 1044
69 418
660 1088
13 523
445 934
579 1163
348 1001
278 1171
278 942
307 411
845 989
616 937
219 712
461 770
507 1115
142 236
782 825
265 306
984 1225
528 945
898 1158
590 1005
394 1130
764 929
488 765
381 602
845 1002
220 1179
250 829
211 312
553 1244
568 586
1067 1236
209 424
338 1063
902 1105
156 497
507 1249
49 142
877 1233
536 903
976 1175
162 204
915 936
170 553
139 1203
18 913
705 833
302 857
1036 1118
607 675
538 841
460 1187
374 854
258 908
602 718
785 839
339 981
8 1147
433 616
598 868
881 1193
149 978
1013 1083
190 750
249 1101
563 739
609 855
153 575
461 691
1026 1143
87 1160
427 1228
1024 1218
820 1159
534 802
345 637
121 1158
401 1212
181 943
143 422
79 932
379 635
52 240
658 1218
993 1208
748 1148
314 361
30 602
558 758
76 489
636 826
773 1097
905 1216
377 602
761 942
697 1223
271 297
5 1080
247 1108
42 181
255 1228
618 1051
348 1190
425 885
203 772
351 707
318 530
263 594
6 672
157 1070
446 944
9 943
88 1236
1053 1100
277 842
225 423
997 1168
823 1052
942 1003
187 1070
49 1136
626 888
1030 1237
160 1088
886 963
378 493
404 667
502 1202
22 979
902 1065
616 671
14 108
239 455
901 1069
137 673
221 1081
278 797
125 326
608 1197
126 928
883 907
684 963
49 452
21 619
806 1074
36 109
165 519
15 989
371 624
100 804
707 1216
957 1098
34 571
122 418
853 1162
727 794
680 682
685 797
220 697
316 405
868 918
1 1067
843 1090
213 694
378 990
130 925
55 485
607 1227
113 463
482 1232
26 952
457 1175
699 937
31 249
237 354
607 1119
13 646
445 1057
118 662
766 1112
139 950
395 647
372 929
116 185
837 884
116 1124
169 196
382 1243
561 1245
397 585
710 1045
75 305
852 1165
235 671
1210 1223
508 722
458 1130
693 704
502 1136
543 945
273 1084
684 884
287 430
108 953
600 661
39 99
411 1139
703 789
1175 1242
247 1189
173 974
481 1090
88 607
14 163
614 1067
432 1090
647 1015
22 926
56 281
702 1072
531 1190
894 1013
6 56
303 508
198 980
533 970
1107 1242
609 965
619 1158
267 972
49 520
45 1044
134 335
139 642
180 451
570 865
537 688
795 1212
676 1032
743 793
113 397
25 513
342 863
455 511
307 347
8 236
99 583
1069 1084
103 473
249 527
636 707
92 580
651 1217
687 874
1014 1040
231 779
382 948
3 134
176 291
761 944
613 817
893 1100
640 654
464 465
438 1230
248 1069
279 419
72 89
132 894
613 938
32 138
417 474
56 1020
821 823
988 1000
50 717
826 938
94 723
143 1029
224 725
306 498
22 739
775 1242
663 772
723 823
239 444
492 661
285 331
205 833
380 605
163 607
471 723
584 600
797 1122
758 901
628 791
31 572
361 447
571 1196
54 677
23 1098
7 565
950 963
895 1027
17 1024
681 1189
206 401
150 506
931 1071
999 1205
207 222
663 1027
181 758
17 98
270 278
785 1138
581 1079
361 810
149 927
825 1210
195 1043
247 681
94 173
627 673
183 925
434 507
646 686
1077 1138
502 641
70 984
680 684
1075 1213
808 1098
632 872
133 1225
609 925
773 1033
294 998
757 759
605 631
63 1102
126 367
815 885
174 300
859 928
729 1047
435 600
701 985
612 647
699 1060
960 1101
24 598
1076 1168
647 762
292 534
443 703
355 590
522 767
703 778
54 369
196 947
247 1178
751 940
816 1069
281 496
520 778
837 1128
501 1179
2 34
361 381
305 1011
167 781
442 1245
860 1004
670 843
928 1138
536 1028
245 327
718 776
575 956
470 674
809 894
235 1036
890 1233
615 1028
711 736
43 48
655 841
342 381
237 853
517 907
173 1097
846 1082
703 1033
153 566
1232 1239
143 292
426 846
604 623
667 679
226 677
965 1016
0 630
43 1229
41 402
192 800
247 507
838 911
131 295
719 1219
947 1083
693 1203
207 1229
563 1093
356 534
975 1037
18 475
553 819
998 1206
80 306
617 696
634 865
133 583
381 419
892 1160
761 825
56 1009
689 693
1076 1102
799 1238
740 1008
826 1048
690 1187
349 1123
674 1179
132 896
252 961
156 435
367 655
91 720
471 712
691 715
696 1059
94 496
314 728
747 1061
681 936
15 617
109 481
343 419
16 24
377 1198
661 728
260 384
81 153
9 21
607 613
557 1021
104 258
474 1023
30 43
494 672
688 952
153 379
578 1080
435 1031
135 739
627 1238
902 1177
267 666
506 911
621 898
189 975
58 677
677 1180
41 215
450 1137
651 669
1128 1237
180 266
809 962
96 272
973 1070
978 1148
769 1011
113 562
841 1035
137 690
254 686
378 981
581 852
1 11
446 627
396 806
528 925
266 696
445 927
558 804
466 1215
14 596
79 991
817 920
593 1212
209 283
388 514
66 234
669 1170
231 715
745 936
662 1167
123 889
0 1
733 818
731 974
153 997
837 875
400 645
565 941
321 995
653 946
515 716
157 1008
570 1177
638 823
206 900
646 1172
121 304
318 589
189 667
451 1118
647 764
619 665
125 130
835 1229
847 1054
299 431
27 1140
536 1017
116 431
14 154
425 957
392 780
722 1180
708 1245
4 82
522 1011
385 447
59 957
384 488
642 1012
29 31
292 670
23 216
97 165
50 90
860 1127
37 501
1059 1192
396 619
60 404
310 515
273 404
119 166
49 861
233 453
514 1082
444 528
1096 1208
96 461
607 1165
3 4
371 925
568 1210
245 705
225 1221
1056 1149
10 1067
650 1104
540 1232
715 940
627 864
986 1211
365 598
1146 1163
444 891
727 1216
988 1220
348 365
110 722
110 493
60 901
132 1006
113 764
710 754
266 1006
495 829
281 311
497 875
675 881
57 953
208 1122
934 997
590 958
37 1240
763 1115
216 488
740 1131
1119 1164
80 563
123 1199
847 1230
356 1141
510 1056
232 324
894 938
335 974
56 327
663 1005
396 432
14 101
695 728
1006 1115
216 730
30 45
139 217
489 1010
28 386
43 923
220 327
786 967
165 391
436 854
20 387
139 338
746 1016
603 738
112 1144
146 499
57 161
609 674
686 857
586 919
897 1077
212 220
561 862
841 916
440 572
1 1168
193 1109
447 962
507 747
606 726
644 752
229 510
602 1021
297 385
712 1152
247 564
595 981
699 809
127 583
63 1093
174 1109
33 1106
539 914
175 637
61 1060
754 987
754 758
611 938
560 1158
319 537
731 976
650 1051
10 196
290 479
441 648
207 481
334 522
740 944
67 178
456 1185
282 776
1011 1151
326 819
463 528
14 961
793 928
108 596
89 317
668 933
384 1174
814 987
866 1177
415 487
217 997
444 1188
218 1141
721 944
628 716
476 1113
132 1074
635 648
601 1000
61 497
157 205
682 844
612 1014
469 965
997 1121
615 1019
35 215
4 84
80 631
478 906
343 718
77 976
688 1022
746 963
598 984
558 619
101 114
658 971
289 579
60 527
1174 1238
183 863
158 1035
892 1030
322 1143
778 928
284 393
349 751
241 925
748 1143
643 861
272 396
972 1036
1081 1208
86 125
55 546
710 743
500 1162
1055 1155
144 1005
135 1185
331 831
193 372
486 1119
629 646
988 1222
300 821
429 477
376 587
633 886
344 783
523 1014
724 775
789 1170
37 74
121 711
893 1227
280 475
53 203
600 601
20 26
603 606
920 956
63 369
422 716
162 496
1145 1195
269 329
969 1235
608 1192
737 848
170 737
706 717
491 792
637 846
145 155
7 450
1156 1182
572 1131
405 725
23 394
38 968
492 1138
371 848
440 453
219 225
2 456
458 507
273 690
452 921
1 2
658 1026
603 1090
1100 1142
214 1049
108 330
459 853
591 1157
685 792
1070 1091
440 695
618 738
535 1198
571 626
617 742
722 795
484 1152
435 701
315 1050
1118 1145
147 419
601 626
768 803
124 701
335 655
1041 1046
56 947
391 937
757 765
280 1106
797 807
84 413
669 1066
137 239
666 768
472 1168
145 773
267 470
236 891
51 91
235 666
469 604
642 761
157 1012
1134 1223
261 1069
550 943
412 1238
800 825
225 594
68 381
130 478
723 992
267 483
1099 1242
400 1241
95 376
702 1054
191 609
540 726
232 381
419 436
976 1064
380 895
635 1121
113 258
426 489
221 1023
785 836
62 441
697 723
788 841
471 1134
705 1072
508 1201
938 1014
800 1080
1068 1245
405 672
465 686
253 1032
354 855
271 1086
62 454
287 801
292 1145
248 809
251 326
60 529
121 216
646 855
219 522
783 1089
497 503
10 119
240 581
639 852
1012 1097
148 763
3 116
627 963
384 747
912 1095
638 748
613 920
219 535
610 622
216 466
326 863
777 799
653 992
171 989
231 1003
699 1108
5 1185
662 1226
720 1167
637 1169
79 353
626 751
42 1225
83 997
528 1118
849 1173
626 643
230 643
22 613
825 937
682 888
668 990
19 315
516 1121
548 1073
13 1180
80 446
544 1075
151 326
73 672
928 1186
726 1237
1015 1111
251 944
416 1011
187 1188
897 1055
603 608
368 711
357 552
559 1181
512 840
80 917
401 1009
253 616
137 670
739 1004
51 630
705 1127
1105 1246
140 860
456 800
643 663
371 729
1005 1015
862 1195
34 326
466 737
737 1200
649 1087
709 1138
110 284
822 1015
637 740
103 281
713 735
23 288
205 265
105 327
167 976
564 612
123 869
431 756
317 627
126 1059
325 451
275 859
275 630
794 1195
139 705
218 998
405 861
518 738
466 1221
395 523
666 757
294 1114
775 929
181 190
351 867
106 541
83 823
605 639
527 948
453 770
654 760
0 7
395 536
529 765
606 985
71 1055
663 701
810 1165
505 529
629 824
109 300
1027 1099
215 955
283 601
770 948
365 899
580 824
731 1222
54 485
95 486
227 376
724 953
448 1018
81 443
633 956
116 437
704 836
29 1192
187 317
269 386
155 550
604 605
633 1077
134 198
139 276
254 263
240 328
534 546
676 895
1112 1196
141 736
47 579
611 621
239 749
665 857
799 1086
475 733
672 1018
264 927
73 164
652 780
518 551
168 172
665 978
1014 1132
609 1083
98 113
134 561
15 115
330 392
189 1170
380 1152
149 1219
207 406
735 791
583 922
416 516
448 468
141 991
856 1202
617 691
53 60
313 1219
295 347
558 986
632 935
678 1051
738 809
1018 1092
402 594
255 1106
93 253
34 1107
681 689
190 1125
9 1050
155 350
427 772
64 720
174 363
705 753
316 941
76 959
786 826
810 1220
1085 1159
240 838
7 78
949 1005
360 839
594 777
41 76
411 841
82 602
271 538
197 323
638 1234
691 831
603 718
120 1244
99 138
482 842
2 205
696 1067
781 882
837 1191
477 619
364 678
96 146
65 796
27 46
68 801
2 218
530 603
567 899
212 213
229 382
84 1196
66 95
158 852
18 54
630 1076
831 837
745 797
289 517
509 557
128 865
774 976
101 173
741 799
727 901
36 458
251 383
46 917
514 1022
459 1086
657 805
101 1112
739 1140
439 848
33 160
348 1218
101 294
139 586
14 591
210 237
674 866
401 448
833 859
590 872
184 221
669 936
914 969
124 584
201 804
154 463
250 925
534 1098
86 184
812 813
177 302
1078 1198
261 710
89 189
1028 1111
137 351
367 813
288 291
193 431
19 251
714 813
229 1229
14 1075
932 1120
14 28
368 526
309 1114
749 891
515 724
6 29
456 494
1126 1228
71 131
367 947
153 429
22 912
24 958
1034 1117
268 1089
739 940
689 1119
474 1194
339 969
80 745
827 1174
679 781
137 498
123 563
21 552
922 953
99 1145
322 894
64 104
1163 1244
128 799
692 841
334 904
1156 1241
101 107
792 1193
484 1077
781 1071
62 566
320 1090
604 620
380 1141
17 1089
249 392
433 738
534 790
873 1010
203 397
370 574
875 975
606 787
331 582
685 1080
864 1082
64 238
40 1049
5 8
149 1221
509 975
856 1204
331 824
231 886
662 1109
169 1176
406 594
826 1153
60 896
715 1056
121 583
444 1007
576 1163
1004 1051
286 542
184 531
139 1017
395 714
334 704
315 425
682 892
953 1126
46 193
266 425
290 553
438 653
149 550
37 80
145 1074
14 325
848 1167
338 543
904 1183
375 839
246 725
61 679
300 961
654 1193
781 1005
8 35
104 497
403 793
246 846
542 844
695 1086
330 436
87 1203
285 693
44 567
150 505
1005 1019
227 459
259 906
741 909
115 339
653 688
152 406
685 906
107 929
794 1078
236 750
310 699
395 514
383 1214
276 334
424 1215
242 807
877 1089
882 1167
47 73
10 420
342 930
109 170
147 425
389 453
47 194
272 807
893 925
23 776
344 831
168 605
241 1120
505 641
642 646
481 957
414 1169
92 1118
91 893
222 1083
192 423
431 439
1043 1232
315 493
158 546
414 472
719 842
388 1237
37 256
314 1022
580 1178
454 544
178 380
403 727
35 331
117 141
628 845
55 1212
536 1027
322 775
112 965
182 206
421 488
27 103
44 501
739 834
785 1179
544 558
369 971
234 783
43 1215
113 264
1045 1146
52 1156
616 969
201 727
657 741
370 684
609 966
20 571
746 1200
302 1223
606 668
382 923
67 1033
645 744
511 515
43 181
414 619
56 874
294 931
3 230
217 684
599 749
493 1033
78 525
205 566
776 1092
250 753
0 53
19 66
232 1113
689 800
202 416
658 1221
515 647
432 649
149 526
204 233
682 760
66 528
585 1093
525 813
198 418
282 1055
249 878
114 424
334 464
784 929
178 1119
9 115
478 593
490 832
168 781
536 948
388 821
351 939
631 1222
152 958
7 82
108 888
359 470
724 891
4 13
365 1187
159 301
839 999
218 386
262 429
506 789
148 327
120 201
8 963
462 1133
584 601
626 1241
514 771
1242 1244
137 784
25 85
436 851
103 153
718 951
175 1197
140 156
752 949
697 1013
117 438
2 222
372 664
69 626
998 1126
1163 1193
440 798
574 798
261 338
546 965
398 572
752 841
67 738
207 223
152 287
14 582
547 1082
762 970
519 983
62 515
10 59
262 805
413 449
762 1091
624 632
882 1156
945 1212
215 814
402 411
714 912
771 1217
59 459
232 350
643 1153
550 696
183 1168
35 1004
566 640
147 427
21 59
572 576
51 1133
489 578
186 769
833 876
967 1105
428 1056
63 406
251 642
287 299
118 1015
57 1005
649 651
516 1061
645 946
526 702
816 1178
654 1116
648 1072
197 382
16 307
615 895
114 384
930 1172
99 1015
570 600
607 896
385 554
749 1245
4 1128
155 543
297 1121
600 893
287 433
78 259
396 605
198 849
505 777
362 957
725 780
100 957
256 1204
64 216
611 614
44 503
252 452
194 447
861 910
429 1024
341 911
582 1202
250 500
769 1065
277 337
31 52
94 108
444 864
115 167
254 740
718 1140
459 1145
896 1146
209 445
250 742
659 681
394 1164
232 1102
1021 1033
606 791
680 740
151 1113
678 1044
131 417
953 983
43 304
1044 1138
507 933
629 630
409 748
49 176
112 646
234 343
1072 1213
73 654
615 708
482 593
7 71
158 469
443 638
129 182
148 195
800 875
337 885
514 518
601 931
53 308
619 719
723 813
148 316
879 1060
414 1226
11 18
394 493
580 1114
673 1076
208 1242
189 963
458 599
394 843
194 260
820 951
59 72
868 884
27 39
54 896
30 44
697 1002
62 262
86 619
210 914
33 729
368 948
656 1122
931 1061
936 1176
15 42
4 378
8 268
16 388
193 1216
191 1143
196 440
67 740
961 1182
773 1131
778 980
297 384
27 523
269 810
249 572
419 754
119 462
196 682
214 241
24 346
1137 1155
152 531
160 880
443 451
121 400
140 413
585 800
544 883
184 577
934 1038
235 771
969 1032
437 1171
67 177
812 1048
663 696
818 984
689 870
955 989
140 776
1009 1225
169 1248
906 1218
32 196
315 484
976 1169
126 733
20 1246
906 1110
455 1174
260 440
812 1182
138 191
206 325
35 443
811 1078
215 266
211 561
193 921
223 800
143 511
883 1075
772 1244
755 782
56 744
644 914
625 672
780 960
109 792
838 901
98 108
873 1124
73 280
639 957
671 909
27 578
541 799
417 1029
24 51
268 640
529 681
212 745
570 1207
88 1204
126 1230
720 1151
687 745
364 994
620 920
768 855
152 586
171 865
418 742
738 912
373 1228
80 188
5 14
997 1028
100 288
67 111
380 571
113 752
402 589
948 1028
772 802
129 1110
812 1103
190 302
541 1054
967 1162
48 1121
536 1060
7 1241
306 490
87 833
340 1013
229 1182
635 823
68 675
1156 1168
177 847
586 786
124 203
65 562
665 786
164 504
62 264
120 434
820 1074
140 1086
828 1194
767 955
660 829
482 971
609 1012
97 571
938 958
638 666
38 149
12 1143
227 802
327 1154
114 1046
12 1035
620 625
78 342
380 384
963 964
168 235
618 1195
263 738
306 1108
648 808
419 756
245 869
344 582
789 969
486 1160
687 921
1 364
730 739
7 115
946 1037
643 1036
8 525
963 977
176 338
88 225
29 584
414 920
343 451
763 808
70 292
605 636
94 420
390 647
428 939
143 1184
293 485
614 806
559 870
20 67
197 1191
502 1238
151 257
4 998
637 645
67 300
471 878
466 534
891 1235
264 548
718 755
503 830
179 706
833 1230
602 809
800 1053
786 889
71 126
81 319
559 1112
316 1125
286 953
1050 1120
654 1120
594 840
221 1009
103 1138
15 1025
483 1130
615 1020
1082 1166
522 1243
644 674
105 137
473 792
242 371
753 1075
987 1013
25 144
269 733
232 851
889 892
278 738
80 982
78 155
709 1190
676 1013
616 733
75 86
73 1208
222 513
741 849
754 788
644 916
64 341
518 548
363 674
196 268
60 636
646 962
954 1078
291 505
152 575
105 500
795 1206
197 991
85 521
16 687
230 387
232 985
736 747
23 811
778 1158
86 113
425 747
925 1033
68 180
441 462
196 631
144 175
388 801
770 866
164 1056
355 395
286 524
291 868
62 1045
167 344
291 639
79 460
184 513
851 976
400 811
674 1050
28 121
52 478
351 1040
824 1223
32 240
639 1214
246 465
399 707
742 1046
121 470
847 1099
649 710
162 363
304 712
656 871
771 821
96 948
853 890
75 825
61 661
47 497
1003 1063
340 1244
298 1247
110 1196
22 36
1124 1218
16 258
554 836
1013 1121
212 318
22 157
846 1129
494 906
315 675
136 444
834 1240
29 89
605 1188
658 1014
388 1190
773 1001
59 197
869 1234
129 441
868 1009
1060 1179
150 500
337 555
347 1014
58 93
533 1140
417 1194
1077 1240
48 573
342 791
142 208
18 401
9 847
1003 1210
77 227
729 907
618 847
717 789
600 1207
868 1143
44 696
544 982
2 699
24 229
110 646
471 625
944 1074
555 1033
641 807
269 935
253 402
79 286
332 466
939 1144
155 281
94 530
517 633
286 700
893 1149
189 767
717 923
137 348
255 340
7 9
632 1229
341 528
635 746
217 987
60 249
782 1173
605 988
681 754
269 480
124 1065
1128 1150
437 478
346 885
915 1042
71 128
702 1163
209 1001
264 442
814 1111
586 843
419 437
718 999
127 265
1020 1071
417 778
421 604
8 206
720 900
628 1082
617 664
152 335
165 1028
1 1105
128 1146
11 332
706 894
71 383
848 1243
845 908
588 1023
354 856
426 961
192 794
954 1080
134 560
513 556
463 1149
301 1087
103 577
273 988
1183 1209
95 164
625 1147
1007 1249
237 513
577 1106
305 684
26 1003
764 969
726 1091
325 518
8 582
503 524
74 118
557 760
510 685
9 1157
31 421
913 1038
825 925
696 1040
995 1107
764 1211
92 1047
1029 1105
661 709
302 1005
811 882
761 1061
309 937
156 429
837 1056
197 201
109 354
697 753
807 884
227 309
521 527
399 830
448 951
860 1161
473 486
199 368
39 150
4 129
561 720
233 366
651 879
102 556
22 38
54 781
945 952
174 846
24 84
639 653
561 962
528 785
896 952
552 1142
560 774
1005 1124
386 557
64 277
25 551
857 1081
898 1119
442 610
708 729
572 1134
601 603
162 970
338 903
103 511
414 669
667 849
495 742
775 1025
288 1203
38 503
893 1017
543 675
49 103
606 960
413 565
165 1217
182 632
256 581
735 966
353 406
295 401
706 1204
52 414
24 352
750 981
749 756
721 923
688 746
578 874
817 1156
440 1169
603 638
80 597
1141 1216
469 823
240 1000
23 1002
144 245
6 15
677 745
756 1038
424 528
50 58
1168 1211
730 756
477 539
306 428
723 982
654 882
179 589
132 248
13 68
63 414
427 839
719 947
347 587
655 703
619 780
586 603
971 1168
828 890
681 877
393 410
386 1188
141 603
430 1231
37 482
455 1180
945 1007
1008 1063
916 1245
83 490
429 898
570 608
552 968
475 721
232 963
672 1006
1 47
107 968
410 740
284 372
321 668
495 555
651 1068
961 1001
264 807
556 952
68 868
194 684
161 278
647 666
877 1128
665 979
558 853
0 37
972 1136
757 918
868 1200
304 569
213 976
177 235
789 1028
178 874
28 112
1036 1134
766 1044
422 682
100 402
40 122
974 1158
674 1162
316 700
144 179
95 1226
48 1114
681 798
180 1041
625 1162
123 1180
269 1234
604 1224
125 1226
818 924
102 1242
702 749
672 806
39 139
691 819
1022 1104
93 375
700 1053
772 1158
138 239
915 1099
693 986
191 1004
526 994
306 496
1066 1123
12 665
788 886
1214 1223
1026 1172
9 596
809 1174
308 784
542 722
729 777
727 889
910 1239
46 905
389 1244
184 317
623 916
230 433
31 223
209 266
178 916
613 615
544 744
122 755
318 438
396 1031
761 863
852 1247
310 927
434 505
777 844
190 1047
47 1227
397 559
531 788
219 701
681 732
450 570
446 1094
694 930
1046 1089
127 819
963 1091
109 1216
907 930
681 853
800 804
225 344
170 408
304 637
216 524
515 820
2 6
241 288
974 1105
688 748
339 594
220 1168
187 991
737 869
80 599
340 940
1027 1089
830 1218
121 529
112 709
443 930
481 1185
300 1110
470 767
489 817
594 833
215 248
51 325
1128 1154
378 656
13 1238
828 1121
175 1236
610 935
546 654
30 94
112 133
172 443
627 700
596 1121
716 1186
58 957
8 1136
602 1057
1034 1239
115 151
502 560
658 844
737 1137
759 896
905 950
373 1089
569 735
75 200
27 452
63 900
651 1070
11 215
263 436
570 1081
158 1029
312 678
231 753
416 506
935 1071
1028 1033
535 1137
222 640
620 915
468 1083
12 49
555 1200
814 902
464 560
101 471
40 232
867 913
738 1028
154 748
481 877
608 689
594 754
26 1236
290 528
56 1115
610 627
45 818
199 238
691 700
589 918
186 942
566 705
505 695
1071 1106
763 990
1143 1211
374 885
816 1001
62 246
227 313
179 538
79 600
202 899
71 187
711 776
475 765
628 778
17 890
416 1124
517 947
1007 1040
364 439
17 72
332 901
76 386
719 1246
309 365
240 494
971 1238
83 547
682 1135
159 313
482 1195
76 507
884 946
669 792
1 104
386 440
616 902
406 1092
29 553
230 314
378 966
314 1210
1172 1241
556 1009
397 427
803 849
701 838
733 790
332 446
18 286
759 1193
330 787
1218 1249
47 169
131 577
29 566
290 341
92 622
202 228
892 1200
100 217
419 1101
59 566
293 467
408 454
1048 1080
480 559
437 1155
745 1042
663 680
604 1039
91 639
383 518
7 1170
469 935
279 811
666 991
688 750
37 231
0 349
525 988
252 304
109 521
362 701
334 639
726 1163
78 124
621 817
165 537
244 830
483 1112
151 373
131 135
432 1066
48 137
719 830
139 255
56 257
682 948
799 944
790 1124
821 1228
325 1061
254 363
453 1246
780 823
554 1005
994 1048
383 1123
640 1193
230 1066
25 368
706 766
618 653
117 371
1077 1167
260 908
347 1062
517 1244
106 212
680 713
19 967
492 1187
643 831
239 741
440 731
75 81
421 489
417 1013
604 610
583 672
257 1145
286 385
773 1183
680 726
99 451
563 1080
714 724
258 444
810 957
366 1209
639 1075
17 274
1185 1248
448 689
126 409
535 1139
824 976
675 853
14 1107
26 178
203 750
623 1107
67 108
913 1031
68 1235
632 1048
387 692
259 1217
496 864
37 57
350 517
2 1002
19 417
411 941
6 892
213 404
812 992
729 1223
145 943
698 863
736 1118
730 1044
91 828
930 1105
616 649
733 1234
487 764
753 883
11 17
444 542
707 952
512 942
584 818
748 926
874 1065
29 192
15 28
1133 1181
262 659
467 539
475 659
977 1055
1163 1181
476 480
637 842
365 383
364 912
745 1018
160 624
808 1074
973 1178
959 1243
826 835
191 324
743 1066
181 279
747 956
884 1190
538 553
218 871
947 1017
625 966
163 383
123 984
95 1151
274 1153
933 1203
10 1228
1053 1241
497 1023
254 807
859 1146
418 915
53 228
239 1172
641 1152
988 1152
633 924
1015 1026
1018 1031
66 813
797 1032
93 421
571 1214
700 870
348 418
821 867
200 934
17 934
14 1188
173 1181
157 190
99 185
2 23
75 767
369 719
64 83
602 698
640 953
593 878
670 1061
90 486
535 873
961 1102
317 542
105 134
300 1248
224 435
291 381
304 320
903 908
815 1024
488 666
586 972
1185 1237
1023 1175
475 1077
394 1152
347 1077
507 1029
455 610
680 957
127 744
204 210
701 1016
374 392
692 1196
236 687
87 335
78 744
713 1026
812 968
189 467
180 913
53 54
705 734
178 1217
5 242
226 921
212 986
867 917
177 470
522 919
396 514
181 360
1058 1158
923 1199
197 304
491 522
152 1056
493 568
888 1097
497 983
805 1099
373 422
391 1230
952 974
6 1015
582 653
306 718
435 1128
43 1018
682 1126
1144 1157
173 202
45 956
208 425
194 261
143 444
299 957
698 1228
87 1074
766 837
345 780
92 371
1001 1121
168 329
598 1145
577 1022
972 1063
325 434
850 1073
108 436
748 1062
63 959
104 960
628 1145
423 447
6 573
652 721
38 498
98 283
161 339
743 960
1160 1248
93 289
640 687
381 692
916 972
61 229
93 181
442 1089
552 695
63 275
390 404
40 291
119 584
600 628
603 633
927 1144
158 404
1073 1198
261 1054
575 692
253 641
329 407
666 1224
259 348
234 520
841 932
26 490
839 1044
570 590
709 934
175 1229
63 530
689 1221
744 891
213 703
1068 1217
359 528
360 901
127 141
216 893
175 303
553 663
124 257
595 781
667 886
87 311
691 1243
873 991
28 899
951 1059
334 1127
609 1066
328 787
636 674
685 1061
284 717
88 842
637 1249
153 678
616 1082
308 966
473 1033
729 730
48 746
617 903
83 740
490 569
641 967
935 1185
267 268
414 961
26 61
803 1150
860 903
483 916
488 1031
703 919
1076 1201
735 908
578 924
75 340
948 1137
728 868
506 526
244 526
166 872
716 750
721 1094
377 1055
960 1147
526 626
5 1183
839 857
825 922
350 400
687 1217
934 1094
323 940
791 1045
25 51
114 537
798 1206
61 647
593 922
73 657
463 583
513 929
628 879
172 370
402 1061
916 1053
57 1063
166 1235
540 658
264 494
281 663
192 591
546 594
716 1005
655 995
686 833
209 945
97 209
929 1005
132 661
994 1107
88 1005
500 949
412 607
917 1237
554 1185
994 1228
634 656
6 333
1081 1116
133 145
575 1244
267 1128
262 784
294 965
63 840
357 1021
585 656
810 1003
1183 1248
451 1070
174 267
154 554
61 97
116 972
339 455
31 110
104 854
543 901
39 873
82 277
1021 1199
647 729
707 743
1157 1245
558 1145
5 178
1 473
73 578
680 1027
826 1081
578 979
43 820
884 1207
67 167
603 635
145 989
556 560
614 915
6 12
229 286
538 1041
32 186
339 831
941 1165
56 479
1031 1095
167 990
795 818
478 882
491 821
298 1180
141 708
301 697
103 187
401 1049
203 1064
113 353
161 1067
829 937
4 302
3 77
119 962
857 891
213 597
875 945
507 549
66 254
843 1114
207 378
157 557
778 1133
500 896
796 894
372 832
490 558
674 904
73 162
570 1197
886 908
981 1182
63 90
20 686
61 165
505 556
1 528
149 399
85 872
141 1218
631 1082
44 53
823 1023
513 797
821 913
135 356
32 349
679 685
128 582
303 1108
308 405
132 179
818 921
596 808
615 821
53 300
20 123
278 647
539 1213
262 410
346 1047
10 603
271 873
559 1047
869 980
69 136
127 306
174 832
277 1189
230 1114
440 658
257 722
1191 1236
652 699
831 930
437 545
987 1177
226 483
878 897
472 889
852 881
278 1023
162 1077
644 851
32 967
200 551
389 1241
125 902
218 1093
861 1199
176 1133
849 852
508 559
95 915
33 37
483 502
92 846
353 621
40 161
671 1196
330 903
77 228
266 1147
425 911
260 1103
763 906
601 844
840 1126
21 40
121 392
319 636
13 41
63 158
501 798
554 624
1106 1137
256 701
247 1147
283 804
264 296
51 188
50 983
136 232
531 1027
14 242
579 694
207 1051
656 914
36 940
557 1056
252 420
111 1235
581 632
690 767
208 242
240 423
350 820
1209 1224
40 779
241 540
77 846
806 1221
1 33
767 1229
117 366
106 436
512 895
296 718
972 1001
989 1170
474 724
647 652
195 262
669 1084
829 1073
792 1191
495 904
261 737
701 1009
856 1068
745 1200
275 793
1097 1130
522 899
1030 1076
842 1025
349 1092
213 265
144 165
711 1215
179 388
203 745
318 732
610 611
997 1020
171 1207
721 856
187 1151
869 956
602 612
226 1035
1162 1208
39 125
793 974
1046 1154
359 453
575 751
235 831
224 1167
76 249
154 1108
622 1213
438 638
603 934
429 818
33 818
234 579
29 1113
885 1034
57 128
116 708
500 819
321 359
395 1062
307 949
413 1116
22 1194
471 1057
667 703
753 891
343 993
609 1112
139 439
443 1116
680 763
616 1007
54 1011
780 886
1077 1109
686 958
6 445
59 308
284 655
704 1012
611 784
866 1010
711 1136
84 486
822 1125
8 383
1069 1231
223 1210
109 142
207 448
532 733
605 723
140 623
338 904
1014 1187
626 782
612 618
345 1028
873 1184
339 459
12 101
633 677
9 32
687 913
84 620
235 752
656 782
12 451
429 739
374 574
925 1091
554 626
289 1109
173 934
503 580
415 696
607 637
543 1147
600 634
580 921
610 800
204 755
37 120
264 540
132 357
59 1047
1145 1228
193 1010
261 1181
61 827
121 878
46 704
458 648
117 355
59 121
396 938
14 607
385 779
427 1190
155 768
722 815
776 822
261 376
393 532
300 304
338 596
766 1006
2 381
53 841
170 194
1008 1064
999 1244
91 315
186 323
884 890
199 787
83 841
256 274
632 1019
170 207
708 1014
174 326
363 1016
666 788
624 791
86 1152
974 1025
979 1140
762 1142
266 975
489 495
33 215
1074 1148
165 334
142 387
187 1032
963 1024
42 156
558 1204
148 286
392 912
1025 1084
414 1196
823 1135
779 799
471 683
308 396
239 525
73 758
578 1159
760 907
252 356
1145 1162
802 1025
403 525
573 936
110 946
545 874
612 1049
684 1154
6 1239
118 248
504 1223
55 1131
479 641
503 998
753 880
665 767
50 1174
366 885
124 305
520 1059
643 870
991 1058
18 30
124 197
392 1180
108 189
101 967
609 1114
413 421
289 614
421 541
887 1243
54 1242
403 1130
466 1186
562 894
45 375
322 949
817 891
445 1019
665 1022
61 1029
754 956
933 958
1194 1228
416 439
701 837
85 568
434 722
52 162
161 563
542 1194
944 945
870 1144
529 851
83 1030
331 866
367 560
666 1085
67 268
279 447
54 450
515 808
821 851
944 1187
130 445
457 574
541 1211
61 345
277 872
32 287
109 278
661 754
793 910
237 692
111 287
223 528
23 174
585 1146
98 762
104 284
670 695
496 808
435 1057
186 996
635 859
1122 1206
98 883
161 939
818 980
730 867
457 937
624 1114
410 596
883 1045
98 775
791 1227
804 1166
269 593
347 698
226 408
360 896
368 757
257 889
178 367
164 432
692 817
549 768
444 486
356 602
727 1040
831 868
555 704
33 70
274 950
131 376
230 355
831 989
671 771
91 196
398 841
766 779
810 1051
614 1176
263 424
278 1190
130 1063
297 422
109 1125
618 1002
654 659
752 1002
84 543
378 1249
1063 1123
74 1023
288 1248
1055 1124
291 728
405 1015
840 943
1111 1177
954 1193
35 1152
912 1196
417 436
947 1190
476 1016
949 970
670 737
1203 1237
583 1034
159 972
234 328
1053 1185
62 221
229 1152
53 401
751 968
89 354
280 565
342 1214
832 1041
513 1032
807 984
56 298
897 1035
742 1161
52 943
55 194
487 642
588 694
901 1154
27 132
118 250
455 1104
315 535
667 694
555 638
39 492
410 893
728 1239
390 1180
333 417
73 1015
697 1108
119 1131
1082 1215
433 769
518 584
105 186
253 838
817 880
390 1072
80 92
62 489
309 595
273 901
185 788
690 1189
253 1188
850 949
91 143
929 1242
607 1191
302 555
323 385
529 719
658 1129
735 824
162 1191
86 149
91 264
388 487
609 1129
172 1091
87 495
1049 1135
56 916
523 796
657 1025
127 567
935 1235
122 866
5 52
356 804
83 1140
97 809
988 1017
688 725
927 1007
220 1145
603 617
42 92
1036 1179
102 106
109 267
763 791
740 1036
149 568
83 214
976 1020
272 904
548 987
59 796
601 850
149 689
1224 1243
608 745
107 463
502 1221
275 1215
316 1216
20 171
359 391
187 1102
56 353
489 915
346 1095
689 1205
876 1031
155 517
452 703
360 885
542 633
118 305
338 345
494 592
922 1039
705 1041
452 824
94 1116
6 20
509 577
261 475
813 988
471 995
133 182
391 477
170 1003
218 899
116 888
1067 1110
387 1122
454 883
371 885
975 999
741 832
801 883
919 1104
592 709
762 1120
786 1248
780 945
480 1178
1200 1238
680 714
393 657
921 1005
752 1233
301 1068
451 1241
1037 1072
407 676
398 856
768 1069
419 915
82 219
344 862
399 569
602 605
180 1141
82 569
235 582
114 521
435 1101
948 1134
497 1198
313 623
689 1139
988 1206
6 62
132 174
620 1160
241 346
182 934
335 1176
56 529
825 1040
641 1219
677 913
424 467
459 690
791 1163
909 1155
329 580
642 811
600 1043
311 940
388 1160
79 819
148 424
187 352
469 1233
216 824
615 1058
384 637
413 1109
862 935
774 822
414 516
792 876
916 1171
616 650
316 358
612 1174
100 999
375 938
825 1174
809 1166
523 543
57 255
556 1107
413 533
899 951
167 248
609 1118
309 597
18 384
451 946
649 1190
211 1193
176 189
472 1005
260 1085
241 843
511 667
958 1127
137 197
185 911
455 543
325 433
149 207
541 731
93 275
63 140
243 744
77 452
182 505
297 492
145 852
32 157
205 610
1106 1240
559 613
335 868
190 221
322 377
629 1022
730 845
9 1085
35 54
215 1153
141 221
447 493
374 917
145 1094
47 293
267 562
206 286
325 917
153 167
624 984
495 1099
9 159
281 581
621 686
13 278
862 977
677 968
352 1171
143 243
616 692
10 882
225 578
211 643
76 189
721 1159
92 170
83 350
217 1104
60 366
557 1172
441 1226
1024 1052
17 1164
359 635
80 954
88 815
887 1168
670 941
582 828
1123 1152
889 985
801 872
820 885
5 901
1204 1225
868 1047
73 1072
12 1062
249 480
820 1006
882 1066
968 1106
11 315
761 776
324 546
427 1196
829 1176
58 1070
889 1227
1067 1233
79 1129
891 1007
665 1189
140 321
300 310
85 385
305 654
866 950
1118 1171
980 1237
362 370
529 547
298 614
265 437
239 1202
8 552
472 1181
668 827
722 1063
956 1001
815 1025
316 789
580 606
351 783
34 847
328 1028
777 891
856 1184
396 1199
301 373
26 168
12 270
633 846
5 230
337 740
240 807
138 1025
204 561
622 845
34 1089
211 227
474 1095
96 1149
916 1147
170 576
128 579
243 1054
29 48
96 1041
214 767
738 1154
53 297
894 1142
61 875
434 1157
36 64
1005 1094
21 466
661 1055
342 521
182 1057
161 180
80 780
29 1229
115 1232
959 1099
274 996
604 642
196 295
412 822
558 647
447 1045
554 942
17 185
545 1243
479 889
840 868
297 360
302 438
167 250
323 497
234 1179
518 709
256 443
421 776
24 322
34 1010
226 951
1021 1185
193 279
261 679
137 1138
338 1128
52 276
313 317
232 1146
675 898
699 1026
872 1183
743 1069
305 1072
728 909
57 741
969 1008
64 636
578 1086
688 729
301 320
619 629
383 618
85 924
576 1198
123 398
221 741
353 860
485 1016
265 518
531 903
526 559
729 1147
608 1086
38 970
621 796
700 860
409 1142
115 695
271 683
601 1083
573 755
36 816
792 799
32 293
25 105
618 619
402 994
511 1166
331 1235
134 398
999 1105
410 710
662 702
475 583
134 290
345 702
792 1162
773 920
281 946
198 1177
156 951
233 417
472 699
131 140
650 705
34 473
518 522
836 1060
379 592
306 1016
875 944
1007 1100
152 320
850 1116
984 1116
211 1129
1042 1057
43 269
337 487
655 1062
474 721
606 877
430 651
624 665
608 657
40 1139
126 159
1044 1224
523 963
104 1016
49 1080
458 1248
406 563
230 374
400 785
94 678
63 1136
594 735
277 799
641 968
25 736
83 152
117 968
57 688
179 385
1041 1087
1025 1079
548 925
312 914
21 213
900 1084
939 1197
612 802
923 1189
688 797
724 979
337 984
268 1113
55 1234
572 743
49 409
119 882
375 579
342 402
760 915
498 649
728 1111
794 913
706 800
252 364
711 878
425 521
297 1046
1172 1209
652 685
368 926
523 534
329 934
604 644
366 1001
800 1229
739 1219
79 126
153 829
653 886
765 1127
42 769
776 1222
311 368
712 1237
445 1122
390 1186
314 373
627 641
305 590
309 709
864 1227
624 720
388 709
40 147
141 199
382 1079
485 534
729 894
489 653
819 1053
65 96
231 1031
1051 1066
431 1092
921 1185
81 979
453 972
46 325
593 723
82 507
504 910
508 800
363 382
179 332
802 954
894 957
168 816
751 908
613 1203
167 857
327 580
444 1165
263 1090
731 1195
740 1163
848 962
707 986
867 975
1161 1193
20 285
9 163
19 585
164 414
619 994
1133 1215
185 244
264 537
76 1240
13 403
222 247
609 693
182 1114
781 1150
566 1225
583 640
514 806
173 247
780 925
150 758
436 886
44 483
510 1222
1142 1169
699 828
93 1018
270 422
756 810
716 1182
664 992
265 1246
683 1005
172 1018
237 1184
23 666
919 989
12 19
734 1172
75 304
645 834
230 363
672 1233
221 543
634 941
620 777
7 25
449 895
646 1180
472 1064
305 887
711 1080
136 849
101 333
648 731
661 670
881 939
652 887
354 1193
70 202
734 1185
142 492
465 1145
279 497
449 1137
247 1188
278 501
403 1206
516 1083
350 498
632 1150
962 1025
879 1027
323 809
328 1153
955 1022
867 909
273 399
29 978
151 409
156 524
4 1150
210 760
714 1202
473 581
818 1030
312 340
695 1044
568 1205
232 761
195 879
366 882
448 1180
470 939
649 1170
745 878
1089 1213
67 936
530 697
1096 1108
875 1109
919 923
270 477
13 592
94 251
90 775
623 1009
411 601
287 1060
456 1017
588 1173
211 957
522 590
76 503
189 380
686 1186
155 244
486 1017
71 775
981 996
1076 1233
565 788
432 902
592 891
3 267
407 845
47 273
131 681
404 547
600 607
789 1068
162 381
632 1084
1055 1187
0 319
612 617
49 211
343 429
221 732
895 905
738 958
633 676
116 386
305 1076
552 687
629 907
216 509
513 961
427 692
16 276
293 813
862 970
688 854
160 1223
781 789
280 507
1107 1188
178 459
697 795
72 477
111 176
23 63
14 472
84 1211
321 400
137 579
18 69
878 927
162 757
709 1155
363 518
275 405
279 1049
631 683
457 1055
74 765
488 526
223 1009
345 706
718 1217
162 999
465 542
79 1001
882 1059
127 254
632 655
213 937
100 242
312 421
607 1241
1042 1169
403 953
1 155
676 1233
148 848
121 422
665 1074
169 907
28 904
157 789
905 1177
564 884
605 656
803 900
119 389
886 1019
94 561
302 739
263 784
13 1023
223 567
37 148
373 511
169 452
802 890
1115 1121
494 508
666 1029
297 903
605 790
167 793
74 336
385 457
648 1096
441 803
647 1137
14 1224
158 451
118 1052
338 503
105 975
667 678
751 1086
105 157
396 629
201 390
920 1043
527 1233
846 1215
868 974
18 245
374 1112
253 1051
745 759
841 1221
256 302
13 352
370 589
989 1092
507 823
360 1069
84 1171
780 1103
785 1218
38 237
45 1179
843 1159
777 805
161 307
460 869
515 539
114 905
713 1170
143 559
374 428
246 1182
526 1236
815 1073
185 906
648 667
666 721
489 536
126 447
253 259
731 1052
1016 1184
391 1132
74 1196
129 903
726 893
657 1022
526 539
550 896
547 598
156 218
823 947
128 385
255 426
306 391
127 914
508 1020
948 1063
110 866
932 1203
756 1243
90 1153
816 1028
33 390
30 55
183 334
656 783
67 388
52 753
676 846
714 1138
387 743
41 106
409 1027
235 874
315 345
572 910
677 963
18 58
718 735
55 125
247 332
730 1203
50 1215
298 1051
139 240
1 10
171 458
42 573
625 628
391 461
404 1154
11 176
269 471
442 628
996 1214
48 243
589 1092
231 593
799 1050
466 1106
845 873
303 590
885 1211
11 189
439 636
539 574
543 693
746 1052
1054 1168
878 942
649 1119
445 1060
849 884
832 1240
444 835
604 824
232 952
317 996
327 1189
844 927
546 1233
6 501
738 881
380 419
36 380
817 945
836 1187
517 653
641 719
953 954
15 671
567 1184
648 843
109 306
138 1007
601 768
430 657
8 668
605 658
388 660
238 1130
577 1084
833 1010
241 1135
482 672
12 494
69 799
430 778
355 604
1030 1187
436 677
123 217
615 679
286 625
342 1200
992 1016
110 1042
531 843
1177 1183
934 967
404 738
178 395
395 918
104 217
1004 1147
663 854
50 102
211 693
788 970
281 644
594 1104
294 583
684 1034
235 942
1052 1201
1066 1099
749 1163
425 514
567 634
473 935
108 285
852 968
752 801
1184 1212
76 252
12 991
43 75
273 537
405 922
61 65
582 1228
618 922
447 811
617 697
611 653
17 180
32 717
453 481
870 998
147 374
759 1167
430 699
313 1117
762 1172
201 647
94 255
379 653
747 820
750 1054
464 468
240 723
293 320
119 433
298 435
74 956
710 874
921 1057
162 251
189 613
645 664
548 960
861 1191
88 1241
396 1128
283 433
489 538
851 1119
249 556
913 950
1009 1183
705 893
72 226
657 1145
619 624
61 562
603 616
200 906
71 1021
805 1245
161 914
362 675
23 1209
403 447
559 960
53 334
523 1037
608 1081
709 904
183 565
785 899
54 680
463 619
308 452
662 684
65 465
85 114
458 625
260 640
325 1035
85 1053
850 856
43 1056
238 514
215 466
242 340
82 876
216 876
497 566
227 476
636 644
273 592
748 858
10 892
333 350
26 836
1 25
430 633
762 1106
237 238
478 1118
739 1159
706 982
783 1165
609 1049
961 1208
322 1221
181 1016
643 818
552 1188
154 361
1174 1208
761 773
766 1117
819 980
408 1180
43 264
202 257
638 824
710 929
211 1016
756 816
464 644
312 775
64 444
129 839
160 906
705 706
177 321
200 719
654 660
629 832
510 652
334 426
382 1140
633 722
738 775
247 1181
311 442
70 87
830 1007
257 327
42 1193
482 674
518 893
71 847
