# 1000 vertices, moderate
1000 2000
22 316
187 240
217 757
236 770
0 5
410 806
30 256
479 497
522 724
521 615
321 361
652 726
35 492
24 74
497 523
68 260
788 995
756 783
165 687
454 561
87 804
535 671
527 959
531 966
175 364
90 814
26 155
4 482
705 709
475 512
634 914
93 330
546 950
498 873
477 850
44 145
1 741
207 846
168 360
449 459
14 122
499 725
626 686
439 451
38 107
77 98
542 543
781 825
170 262
426 633
36 676
549 703
51 984
466 525
779 985
193 250
338 376
243 596
80 718
56 132
10 659
265 885
350 880
125 353
493 520
12 67
448 777
753 824
724 797
242 794
65 78
591 682
675 941
481 810
810 986
136 138
317 824
780 963
85 172
442 446
161 167
565 745
55 823
839 905
461 953
110 121
683 886
14 233
525 974
11 344
183 865
445 456
505 507
15 234
503 546
336 814
746 798
389 417
255 862
87 231
48 123
50 169
633 898
34 81
519 647
235 888
44 125
252 303
8 437
79 88
763 900
0 469
119 798
874 996
466 613
433 436
11 69
722 984
657 738
820 881
965 976
102 192
264 519
23 164
410 573
83 215
704 791
86 778
189 196
7 76
0 37
79 101
337 625
307 862
496 798
931 955
100 798
28 135
585 992
812 854
629 998
783 827
462 512
195 397
643 673
466 482
330 887
78 257
109 739
22 325
576 619
584 968
465 522
97 126
168 415
55 129
688 945
720 748
19 63
498 555
23 298
64 973
252 944
389 541
56 969
500 637
467 689
258 286
77 274
110 945
663 865
369 418
609 894
698 859
348 889
401 901
196 203
189 981
934 955
298 479
711 797
444 453
194 278
47 79
477 895
349 975
437 450
450 469
413 852
174 341
493 732
1 4
785 989
557 716
159 972
25 563
487 508
7 20
66 106
45 312
471 649
545 598
340 983
52 845
494 632
112 487
77 529
774 951
56 442
556 994
296 689
94 554
340 695
447 449
462 986
445 488
738 741
164 389
763 834
188 603
533 866
453 528
126 133
18 42
511 698
751 945
737 781
529 752
221 407
65 388
304 670
170 441
431 445
722 774
171 900
879 986
475 753
231 276
22 53
128 300
342 409
481 567
701 836
111 247
81 862
584 696
23 134
0 7
191 212
629 932
663 845
558 908
117 677
442 733
535 781
103 104
14 26
934 935
96 510
467 911
568 585
107 110
425 685
570 774
603 771
141 746
353 925
634 795
102 934
79 133
431 435
598 612
485 937
504 541
410 497
816 956
103 117
40 406
468 475
26 242
279 459
424 926
123 440
33 812
50 227
457 465
127 410
739 974
472 859
71 286
508 961
332 964
2 6
606 975
722 741
170 673
291 783
450 956
431 677
79 146
330 631
74 296
533 581
425 639
442 579
144 885
354 615
486 505
478 501
618 661
643 754
318 405
109 411
561 800
688 761
352 626
700 964
44 281
317 705
533 558
477 806
116 535
313 820
308 476
220 363
105 382
438 442
924 973
11 863
817 847
88 329
360 751
604 739
237 308
157 199
234 239
256 815
22 648
231 233
594 810
306 672
152 614
385 407
243 323
671 770
260 412
26 245
13 806
189 208
33 226
92 312
207 262
819 906
500 515
161 820
458 518
488 806
9 134
46 610
243 709
74 937
618 772
717 894
530 659
677 678
16 29
233 292
50 436
35 536
241 412
547 833
507 531
177 247
465 534
590 794
238 492
756 863
796 899
701 927
191 676
679 988
679 759
131 136
370 418
883 903
427 772
434 668
41 99
662 675
43 517
476 930
342 850
924 940
562 853
435 483
434 704
554 849
294 544
38 66
24 131
388 444
194 313
454 618
673 805
502 694
639 785
112 365
484 911
20 956
584 620
822 906
727 934
95 986
46 47
577 580
9 16
558 832
26 68
118 151
399 844
352 354
330 830
503 901
44 58
227 588
514 538
33 988
858 985
677 681
409 601
512 842
66 118
439 629
549 760
625 984
805 951
189 453
370 385
494 680
180 490
433 441
216 821
175 411
682 736
535 574
59 465
14 48
199 359
341 708
434 527
465 514
244 366
42 268
259 940
188 471
507 596
960 987
131 345
23 254
376 558
327 665
673 893
391 686
452 516
50 393
432 458
325 332
76 939
435 728
457 487
160 380
48 59
33 196
4 398
492 710
255 883
597 912
460 943
568 705
372 830
81 92
518 884
370 460
401 484
177 590
667 683
104 197
425 432
283 348
144 907
23 388
20 877
606 974
214 333
852 886
120 851
476 635
670 729
90 154
463 665
326 776
128 940
490 798
343 456
735 980
198 626
11 391
146 207
211 565
464 782
841 997
13 586
14 136
90 540
19 925
433 879
587 708
458 972
527 577
352 396
731 838
409 787
582 858
218 990
495 710
649 768
734 992
162 421
133 394
651 994
102 635
657 808
143 178
466 539
48 929
512 655
284 419
798 869
134 331
649 660
889 907
3 814
305 478
692 887
858 919
571 597
327 874
851 880
12 490
546 918
91 374
290 354
727 966
565 638
284 396
577 612
459 513
738 831
160 854
850 892
741 756
645 788
42 346
131 158
43 45
282 327
184 695
111 445
52 130
445 470
67 933
131 688
560 722
5 54
244 336
63 261
351 548
638 641
27 716
396 699
337 384
275 589
189 220
487 817
515 570
45 392
508 531
59 147
20 39
83 504
511 536
473 918
74 275
547 724
317 936
592 646
593 611
577 746
32 49
436 627
16 41
456 605
115 837
525 592
604 885
537 795
5 31
84 361
548 724
433 594
499 539
314 902
79 102
197 237
522 937
48 114
500 540
332 547
431 669
349 865
474 896
128 259
587 773
282 811
5 8
130 305
517 714
110 210
3 84
741 867
181 270
66 140
30 217
905 975
223 352
257 265
508 750
236 816
25 224
212 608
469 529
80 159
78 235
758 897
589 976
334 871
581 748
18 76
98 334
30 50
750 785
172 808
535 717
101 110
394 512
907 997
441 444
417 990
12 38
462 503
514 550
373 574
466 473
831 980
482 746
845 914
536 982
456 464
81 258
489 498
528 569
399 833
827 902
133 305
19 283
129 829
219 228
157 253
49 162
649 715
140 200
684 938
241 777
12 954
549 893
213 944
671 739
423 488
619 957
478 689
17 251
424 489
425 454
623 698
209 421
755 854
373 672
26 70
70 113
259 543
284 307
436 584
168 504
21 342
440 554
478 846
426 427
10 332
43 100
472 808
65 304
116 206
896 955
85 627
375 466
479 932
199 240
358 642
449 531
286 882
186 944
493 723
586 914
753 762
237 617
100 913
629 848
8 12
63 64
270 277
444 542
99 395
200 218
538 851
531 812
102 549
864 872
43 234
542 821
68 407
494 515
581 669
646 649
505 530
76 267
466 947
686 721
5 243
573 664
196 305
169 351
668 938
264 997
158 458
646 770
248 351
504 951
492 568
470 958
140 674
7 410
722 801
48 182
94 149
660 826
274 345
74 320
633 692
396 865
730 890
333 925
204 322
671 840
22 165
386 936
396 492
120 179
480 571
459 548
350 870
37 410
491 729
58 124
415 770
771 783
124 972
453 882
731 863
576 809
175 236
553 825
18 23
87 797
46 91
484 582
895 970
620 622
586 629
260 953
550 563
590 599
722 755
26 148
400 475
76 872
572 587
475 734
9 181
683 912
43 57
68 230
74 310
541 828
80 204
486 663
367 828
81 205
71 686
847 907
147 150
160 843
604 740
336 431
345 925
889 909
106 234
242 918
303 519
603 631
232 724
117 285
25 776
434 486
97 306
451 804
759 920
153 961
430 452
175 491
221 607
194 324
672 888
68 364
248 331
460 745
38 607
565 617
578 736
26 897
143 399
10 135
381 716
553 828
6 21
559 579
237 299
88 585
261 656
150 825
113 120
112 533
79 127
228 744
274 711
414 871
113 879
596 847
130 294
75 358
404 942
680 846
213 328
465 692
46 71
611 746
503 575
408 423
727 814
286 397
12 194
317 650
492 502
556 932
52 495
2 494
341 863
103 317
800 919
530 915
733 749
503 961
605 829
669 993
776 827
782 870
126 565
488 509
60 211
425 489
463 601
611 844
299 349
457 557
156 300
103 294
262 318
48 358
21 112
19 331
64 73
56 69
1 282
28 910
199 383
373 419
537 787
185 219
230 636
227 710
501 870
158 238
114 689
557 621
487 822
450 495
6 518
346 703
473 478
532 564
78 214
310 600
443 492
507 656
260 370
706 722
744 977
147 758
164 173
261 371
800 994
452 576
61 920
745 978
80 295
667 766
698 839
191 248
836 952
255 269
670 776
147 326
10 586
137 169
77 267
524 578
515 758
487 776
25 193
760 791
725 833
99 816
4 255
399 439
230 338
627 648
259 401
125 172
425 433
416 464
133 670
439 862
480 485
56 157
2 186
11 680
429 439
680 695
626 724
217 376
22 200
10 46
709 987
42 115
107 244
62 767
745 909
204 213
21 357
510 634
816 969
661 946
14 52
15 17
446 878
652 983
418 816
270 917
286 367
407 922
687 796
72 263
596 794
963 996
821 912
349 428
448 550
165 607
558 947
135 993
205 271
200 979
117 307
588 975
596 650
169 317
238 862
606 700
157 608
523 845
381 990
11 899
9 72
495 603
662 780
540 754
583 981
52 936
185 971
307 668
489 565
6 331
887 983
49 409
221 750
54 609
744 790
457 468
304 375
517 519
93 600
46 116
6 43
225 347
202 772
137 234
255 864
416 552
229 317
78 184
750 842
283 473
3 10
62 96
594 823
588 700
14 19
115 187
344 833
45 128
478 504
924 999
9 62
153 335
426 759
558 649
585 752
449 742
579 592
610 696
254 652
401 442
445 628
433 474
29 799
244 458
509 878
424 425
77 201
245 459
510 879
362 715
810 991
197 647
726 768
423 581
2 408
95 636
81 701
450 455
427 700
340 403
272 534
24 432
571 830
481 936
40 147
426 448
442 572
79 898
212 933
1 75
527 679
906 941
777 827
15 95
488 544
448 471
28 968
712 926
357 878
740 908
582 816
716 816
720 786
732 760
97 249
436 618
167 759
16 32
178 997
192 523
286 301
450 818
78 946
862 991
342 467
167 206
559 581
445 595
451 904
70 389
531 784
879 936
228 746
11 977
67 649
442 526
970 974
116 770
471 589
42 183
761 836
574 830
417 883
86 109
330 735
309 712
803 918
147 613
489 499
866 974
210 669
710 992
228 314
70 631
706 878
698 874
525 537
135 531
663 916
95 315
353 839
527 646
258 458
38 720
558 606
6 13
44 879
236 820
258 350
57 180
15 183
532 818
180 287
151 223
604 843
141 853
134 665
608 813
609 778
460 835
660 860
446 900
420 762
62 416
928 939
668 720
8 36
386 476
546 614
597 961
274 945
42 150
508 623
353 420
252 288
696 939
20 396
26 61
236 774
553 630
450 654
308 799
361 954
533 917
497 851
255 909
67 858
23 28
321 774
650 684
89 876
300 422
1 9
11 319
578 924
118 265
512 570
489 623
494 552
461 604
548 672
635 677
447 477
551 943
587 600
146 220
350 544
570 776
70 755
424 987
19 35
395 960
181 362
488 599
324 347
555 954
447 863
433 928
161 469
201 313
386 587
233 494
270 641
348 969
253 997
575 868
200 353
67 89
438 490
164 250
442 640
448 683
267 608
599 852
166 296
310 340
25 293
213 264
368 961
102 167
615 652
202 254
99 278
490 657
18 289
39 232
458 481
617 883
643 792
372 823
111 602
567 653
578 891
420 454
500 599
799 895
33 804
75 163
228 405
452 787
613 741
104 226
315 409
147 416
173 554
545 871
319 379
431 440
149 462
195 349
67 429
178 525
485 533
697 861
449 610
82 179
714 950
613 718
558 782
270 644
438 457
264 304
295 408
449 466
173 302
493 658
806 889
85 454
145 505
117 672
492 549
597 751
56 247
763 783
529 616
25 525
163 495
524 537
135 841
615 740
515 573
7 103
645 948
545 681
98 141
596 763
676 792
2 24
41 775
454 944
348 517
293 581
818 997
68 90
356 377
319 346
479 484
551 589
666 984
77 216
17 22
9 18
578 992
66 143
546 551
504 634
578 583
146 926
100 550
37 381
779 838
54 699
16 178
254 644
121 380
8 323
429 496
569 619
494 705
854 868
271 962
365 969
625 816
97 251
685 687
50 176
601 953
145 593
537 559
594 684
580 786
467 500
129 361
275 415
39 287
464 467
77 170
419 953
56 492
134 677
615 864
314 378
751 910
102 464
434 974
171 191
23 27
400 917
460 968
235 355
0 309
18 357
341 373
179 311
565 755
45 231
60 997
44 86
138 279
134 425
34 487
1 44
151 477
286 293
644 904
264 503
296 343
14 328
58 929
468 535
8 25
558 837
772 946
10 623
579 780
19 34
798 855
102 706
803 933
259 955
430 953
628 937
213 695
61 152
34 55
426 430
599 730
248 652
484 520
455 493
466 731
105 380
349 969
428 884
21 237
482 595
195 273
13 153
42 296
494 685
21 93
243 923
626 990
104 356
203 249
208 593
282 542
473 747
480 643
466 479
45 77
498 660
455 964
288 558
75 185
19 662
186 839
434 532
712 885
112 481
390 605
444 725
590 779
299 752
47 122
40 83
526 651
820 832
81 529
769 903
513 797
1 11
476 506
428 429
358 370
168 618
422 800
106 414
425 725
524 667
515 847
513 545
6 332
226 372
369 500
455 460
163 697
382 884
797 983
262 410
547 808
467 699
646 930
473 593
499 731
0 1
151 313
733 818
716 765
22 168
51 869
461 475
807 883
232 243
177 981
835 987
588 701
266 421
887 997
366 508
71 182
344 569
430 609
235 433
233 738
880 994
84 386
816 829
403 776
247 794
721 942
41 51
633 829
425 800
430 766
424 426
142 219
195 374
51 738
386 579
254 280
434 476
406 557
671 977
872 967
509 915
271 369
428 661
502 610
546 982
99 113
222 821
51 185
495 607
466 809
654 780
536 644
251 368
21 171
69 885
571 723
82 266
15 276
287 555
680 895
457 737
678 705
469 711
219 276
119 863
158 562
552 830
443 960
152 222
453 973
55 60
47 56
88 94
303 656
119 984
150 154
174 282
426 583
886 976
652 666
10 30
254 656
48 142
522 556
734 735
513 587
700 971
712 796
64 266
468 472
4 337
311 637
549 954
913 971
115 433
729 741
36 963
607 635
485 646
349 785
532 986
474 636
246 400
234 246
50 574
28 406
109 251
66 289
92 198
598 707
717 744
601 978
695 905
535 624
815 821
67 290
10 802
506 560
6 14
317 401
132 355
560 802
232 442
372 373
238 522
802 860
797 894
1 200
133 585
92 175
72 80
602 691
821 958
459 462
601 811
236 978
846 907
16 157
183 334
90 106
534 677
511 773
68 612
439 525
62 309
128 254
359 761
600 887
546 916
385 404
684 966
177 375
109 771
26 62
476 793
415 697
536 578
552 931
526 650
477 528
166 752
69 819
105 513
505 712
53 960
562 608
67 257
445 697
171 314
176 429
863 950
661 815
308 319
203 791
779 807
309 778
22 190
662 816
748 856
3 851
331 387
837 933
382 618
195 383
49 854
301 401
584 869
8 413
615 676
45 331
47 749
631 806
318 346
456 688
136 189
391 415
182 192
222 228
502 511
701 757
73 105
9 615
10 85
591 625
380 936
922 990
321 621
193 206
464 557
38 40
273 989
53 806
213 386
535 702
81 266
237 779
577 927
494 929
187 778
257 348
602 877
141 402
181 209
426 651
625 860
439 590
651 769
442 775
424 461
482 551
505 571
176 252
493 682
824 961
9 111
769 882
644 850
424 438
136 300
435 447
548 653
155 170
383 702
553 588
171 294
341 934
730 895
895 962
568 604
425 933
0 3
468 602
162 824
502 743
230 321
87 272
394 572
360 430
53 279
497 521
69 223
915 954
11 398
313 885
31 641
120 161
486 547
479 508
563 767
737 803
169 202
867 998
205 241
435 437
621 713
43 736
29 838
168 996
20 609
428 434
137 865
107 119
426 510
45 373
512 662
698 789
306 822
711 727
701 979
662 871
4 84
63 170
182 270
153 472
715 733
781 944
492 841
44 156
731 943
104 207
29 33
61 65
567 611
459 520
16 588
523 913
274 883
471 494
407 738
105 931
673 857
45 242
509 642
21 150
306 691
627 634
112 188
764 868
454 562
627 719
157 833
492 674
497 789
264 321
355 705
157 195
476 586
134 328
44 663
889 904
780 997
330 797
536 865
763 764
26 385
480 821
132 632
297 885
10 526
289 615
491 570
383 479
324 838
132 259
222 790
45 111
549 776
722 884
128 374
370 581
187 810
797 919
479 609
131 420
750 923
273 998
483 579
87 350
460 861
452 591
665 735
176 284
446 962
278 969
7 97
13 177
446 553
630 899
651 693
381 832
248 568
157 944
391 882
180 290
593 837
426 431
485 517
583 643
139 517
404 528
696 965
575 675
68 84
152 721
202 313
636 654
195 274
98 750
26 87
551 583
651 670
133 973
18 757
90 108
502 690
187 306
497 877
432 631
795 799
464 965
466 480
53 82
524 979
391 715
143 613
529 685
80 938
32 144
703 837
456 471
459 742
440 463
83 311
455 857
282 291
735 911
592 862
554 570
611 875
48 618
690 759
916 922
728 871
826 885
39 160
218 391
226 252
15 297
302 390
5 283
826 921
220 702
270 968
651 925
451 491
75 320
935 949
279 644
47 221
561 622
266 674
787 934
470 998
443 752
195 650
484 524
428 443
318 986
552 658
235 951
70 97
519 975
317 877
712 732
18 989
577 687
547 930
1 2
462 742
36 225
763 819
30 819
614 876
922 992
86 491
0 15
204 339
16 139
637 715
157 227
509 566
542 563
532 778
472 913
512 720
920 923
739 848
465 608
48 585
50 137
75 310
153 229
312 402
25 80
483 778
91 174
425 428
448 820
215 469
263 366
662 929
75 166
656 706
461 610
433 777
134 337
601 626
665 790
236 613
372 394
215 590
656 827
615 645
228 385
