# 1150 vertices, medium
1150 3500
798 1032
4 119
540 1145
155 437
180 610
260 453
82 941
196 963
1074 1115
505 815
369 625
1 607
490 506
755 926
148 397
606 983
207 483
775 904
131 573
637 970
599 678
315 919
391 420
181 839
535 959
696 876
192 1114
564 577
506 895
510 606
788 959
860 984
279 444
1014 1042
512 795
1093 1106
752 1042
56 286
294 981
41 572
497 523
7 21
504 1056
557 982
156 638
99 104
524 805
623 927
258 277
190 1045
547 645
120 163
420 424
698 814
657 925
530 592
676 795
518 1112
419 724
460 762
759 829
456 1020
485 526
1004 1005
297 475
202 466
441 519
899 1068
539 762
959 1119
493 566
4 109
497 536
363 685
283 576
76 97
69 1141
681 1031
214 476
426 741
136 1051
734 857
7 937
705 830
58 494
750 981
791 982
464 624
420 1075
862 1042
129 145
176 980
393 420
162 816
305 307
497 657
10 44
154 583
503 700
96 233
494 502
252 480
246 257
798 999
152 213
815 822
41 153
647 866
504 1046
832 911
183 731
670 849
642 1016
157 184
6 689
867 1134
136 1064
228 244
579 996
512 906
443 1072
458 935
146 965
551 605
944 945
622 894
800 1080
747 1074
271 965
285 634
100 180
134 847
512 533
254 912
188 558
496 674
486 889
693 810
820 914
346 586
857 1061
44 135
1098 1124
469 836
393 963
62 189
548 720
465 951
878 1120
16 338
628 1094
496 566
327 608
746 1086
548 576
345 513
277 607
278 343
617 941
34 477
153 428
541 573
246 247
772 851
475 744
865 899
50 192
685 703
489 648
135 1053
13 310
23 583
72 359
565 637
198 206
64 355
343 710
164 213
503 582
325 1070
614 944
162 289
627 963
487 574
114 212
241 253
300 339
223 793
65 356
121 1011
778 1015
815 933
551 1089
860 941
740 759
485 506
563 834
376 599
490 584
622 740
97 918
821 949
701 804
574 583
792 1071
79 1135
456 856
697 919
477 650
623 704
170 1024
12 587
660 888
447 515
277 970
298 535
92 287
39 195
96 815
89 541
757 820
98 101
386 1142
219 656
705 895
859 953
778 1028
208 763
388 959
427 527
617 702
311 330
668 1013
842 1049
62 794
451 755
335 723
304 327
827 1042
67 271
282 833
5 30
502 836
335 808
277 309
689 928
150 799
68 171
614 1019
242 244
379 887
21 96
287 395
571 1057
99 195
255 937
485 496
92 830
68 207
69 172
147 500
114 552
602 672
619 1133
80 181
477 1049
579 917
918 1137
501 589
258 453
331 437
165 225
516 977
537 542
113 709
132 722
396 423
676 706
775 828
1041 1127
24 551
239 439
122 1086
658 688
509 974
585 704
303 460
84 193
76 152
315 434
200 633
692 1095
372 825
190 848
270 319
136 1142
293 531
875 1036
75 983
794 819
604 838
311 585
724 754
556 798
690 990
244 266
677 679
590 674
697 886
2 998
585 1090
391 959
157 792
894 942
805 1093
539 565
672 829
226 254
763 1096
461 645
565 1111
636 646
205 576
545 644
570 817
611 818
696 1042
270 296
322 572
1101 1127
728 765
205 661
192 642
273 450
731 1036
613 635
485 486
184 229
500 1023
841 907
814 890
326 578
121 1112
447 459
262 1051
266 676
45 70
236 504
752 835
1104 1137
550 700
211 1005
227 455
566 1053
541 651
10 606
612 940
733 821
277 541
685 781
458 473
621 1025
233 800
341 562
281 282
520 564
460 699
47 1018
567 645
378 480
846 963
12 14
285 401
543 962
275 653
286 891
288 443
21 99
259 794
254 450
485 957
1 4
981 1044
33 73
44 82
296 303
17 888
833 1145
95 133
1026 1051
504 597
752 848
709 1115
436 462
366 1041
387 835
727 1020
276 330
211 609
659 885
714 821
218 239
133 955
498 522
648 955
5 769
9 102
23 674
446 777
493 709
799 1044
558 689
111 378
294 1137
349 844
759 828
161 464
875 1039
322 418
8 142
226 630
14 36
760 909
794 822
765 987
926 941
21 606
401 722
70 1136
207 845
862 956
561 699
1 102
247 280
53 149
192 344
9 488
498 499
150 347
496 575
261 443
733 1076
840 910
563 1010
217 373
683 1075
998 1087
130 225
989 1118
192 874
715 878
587 958
628 730
512 964
519 594
49 416
462 963
2 75
628 766
882 911
333 440
606 864
565 826
7 10
317 581
750 957
107 771
49 272
17 963
619 802
260 1129
193 285
785 1100
458 476
549 594
4 880
143 284
150 180
481 688
914 1101
21 66
508 562
7 805
651 727
93 957
233 888
601 726
580 703
492 819
739 1105
812 1089
384 877
572 848
148 929
770 1092
15 894
174 1067
784 847
221 770
299 1098
789 962
363 445
208 651
775 798
132 512
87 1035
9 707
107 1013
537 826
18 935
22 1054
94 930
590 608
50 600
740 781
518 705
631 911
663 714
556 588
415 612
107 496
781 935
91 637
619 756
542 918
690 816
264 299
7 494
877 908
314 416
309 487
11 644
788 830
335 359
60 649
412 808
506 586
354 867
973 1141
279 315
804 1103
23 209
137 231
101 537
508 961
548 997
182 382
2 6
300 603
0 82
59 168
91 529
492 544
758 843
1092 1097
358 464
15 390
358 1138
3 7
290 1003
640 707
746 954
933 960
579 697
10 131
909 1097
315 358
607 795
772 1128
424 939
1000 1135
178 618
362 964
558 610
296 381
848 1123
68 108
181 543
308 355
695 764
361 510
190 857
616 1145
101 779
285 371
492 521
836 1148
496 820
409 523
667 1047
382 569
894 1095
50 590
783 849
1 468
343 434
863 1107
480 1077
522 585
586 978
19 193
289 871
850 1024
568 1046
270 449
57 76
568 817
256 285
977 985
875 1117
222 817
86 139
586 605
40 926
149 424
607 893
242 243
503 1101
338 476
664 1055
592 621
68 615
264 410
682 923
262 337
394 785
529 601
172 672
217 860
382 402
781 902
786 980
270 835
536 1134
523 1015
53 83
152 205
598 929
543 1030
434 1123
595 1040
599 1010
499 694
41 1048
605 861
552 669
924 986
46 983
277 995
26 330
125 489
692 1094
511 524
244 409
327 852
1030 1089
266 842
274 288
287 407
739 1062
108 930
305 541
751 1036
791 1072
880 921
376 601
864 913
284 338
89 242
810 942
268 393
935 973
8 174
555 572
113 1130
598 942
29 642
341 1137
10 134
7 474
232 821
774 875
93 397
114 191
985 1095
116 646
292 463
496 787
690 881
104 937
681 1098
473 654
210 689
164 542
130 437
244 422
131 136
490 563
370 418
262 327
521 587
514 548
537 940
56 716
560 664
444 861
374 1062
9 412
685 695
676 1104
106 573
594 656
842 907
679 880
914 1012
832 1122
446 678
203 771
953 1003
631 989
436 893
32 544
4 153
494 1063
566 1088
388 444
446 943
432 1008
241 245
901 1078
408 651
27 56
3 602
19 52
544 691
253 1122
965 1099
849 1067
263 269
242 246
272 763
507 629
1 3
404 653
129 863
131 1052
909 1054
486 1100
43 939
81 148
185 614
847 850
326 590
38 452
699 835
344 607
556 643
147 587
922 1029
49 955
428 457
5 503
640 785
15 733
111 292
251 272
306 1025
272 740
504 1126
573 731
25 225
619 847
610 735
243 267
976 1121
316 437
115 118
506 677
125 577
687 838
67 227
747 889
264 655
952 1029
670 785
797 975
761 1052
660 857
157 1023
109 983
706 973
14 974
497 979
89 739
234 1014
798 827
24 121
497 570
192 1017
368 834
324 498
264 367
64 1096
49 150
131 1006
21 88
508 584
68 837
747 866
308 1084
499 615
663 1132
325 499
764 806
782 823
90 861
14 48
868 1012
605 1047
764 1071
16 274
497 547
280 878
248 251
138 794
748 803
390 829
298 337
481 1096
830 1021
310 311
81 488
716 770
721 1114
495 622
427 896
394 719
80 114
168 901
792 994
557 862
425 563
534 1144
242 478
769 898
749 803
259 796
822 873
287 449
424 863
191 512
600 680
858 975
201 562
2 87
608 800
307 543
288 301
520 687
526 767
33 160
164 643
671 1005
176 654
98 289
604 686
440 1072
283 600
81 236
240 638
632 1013
0 19
800 826
261 1106
117 195
81 501
550 571
260 732
237 1014
92 367
405 598
340 1106
106 939
187 1013
1038 1148
989 1143
96 486
427 994
816 955
882 900
268 1086
876 1122
556 623
283 348
111 730
747 977
1015 1057
286 353
732 1077
153 992
257 295
276 345
728 963
787 1049
654 785
513 517
377 885
412 614
101 801
315 910
589 921
476 864
321 990
491 498
809 924
455 841
313 986
543 545
309 378
12 500
342 375
773 1007
545 734
391 676
23 100
271 351
281 395
863 900
728 855
487 500
151 514
51 576
201 1046
386 417
546 555
179 878
146 701
353 914
554 904
580 813
506 598
387 418
543 931
87 651
836 918
782 947
601 872
249 304
735 872
21 68
378 943
353 770
580 669
718 1048
779 878
318 669
130 240
135 547
1009 1111
815 980
22 32
42 1030
557 950
545 567
392 474
263 589
168 580
591 683
653 774
132 285
313 446
406 408
744 1041
785 850
58 979
279 569
301 328
26 123
288 1063
86 403
564 967
200 425
301 1002
803 983
330 391
8 340
432 1076
612 1043
2 705
492 569
885 909
25 954
72 95
8 376
487 719
478 899
845 1101
247 249
486 494
158 1074
785 827
530 537
683 779
268 271
109 1038
146 282
101 948
471 487
635 1004
903 1047
249 294
275 432
239 509
192 663
33 935
511 559
75 523
485 507
358 466
160 710
301 606
466 902
53 504
566 989
101 1069
457 1082
512 789
6 163
504 785
32 301
370 705
505 521
394 1062
388 610
975 1044
176 202
528 733
495 556
218 836
639 866
141 1147
310 510
51 170
610 659
225 997
669 857
673 1007
9 964
593 755
659 700
865 1034
84 240
383 387
155 529
8 330
947 1103
186 516
680 759
605 994
579 676
238 383
13 939
569 662
209 356
79 655
457 1095
37 509
733 999
484 969
545 799
284 615
651 817
611 744
31 169
284 386
696 968
637 653
42 1118
270 1125
1022 1138
580 793
402 1015
32 170
504 654
678 690
623 754
346 1120
809 1110
328 806
422 441
362 835
69 582
464 703
756 1140
661 1131
271 308
29 137
15 202
258 863
300 451
29 631
343 678
624 840
313 1064
91 197
755 1031
1003 1016
822 941
866 1127
384 1124
19 208
174 231
478 493
483 837
290 442
394 908
191 1074
288 369
249 261
88 164
687 752
747 1032
430 947
1026 1121
490 732
130 426
12 25
756 1117
199 934
214 797
2 11
172 422
89 653
493 514
518 687
812 868
32 268
273 1148
201 980
297 459
18 858
304 318
355 400
499 902
662 700
10 774
454 522
638 1017
792 1075
144 445
78 271
615 1113
85 130
145 181
20 824
297 315
316 328
326 458
539 602
911 1148
192 378
887 903
791 966
16 561
109 609
570 589
63 84
568 894
889 1129
527 1005
524 1116
565 739
180 260
250 584
169 659
135 517
142 413
594 1031
660 1013
542 612
348 481
57 683
190 718
633 650
258 444
235 869
105 122
130 295
50 1089
63 879
793 1133
277 951
406 607
578 799
551 553
46 975
27 696
263 415
517 560
528 569
135 1132
33 218
757 1066
159 214
810 1078
25 888
17 130
502 696
23 24
403 574
140 609
995 1123
426 823
621 653
800 884
50 801
591 1039
13 16
98 203
570 687
175 423
300 683
3 51
667 885
345 834
702 992
122 151
560 908
478 689
979 1120
635 938
709 887
641 832
541 665
354 430
176 918
553 639
106 1082
340 1020
402 815
278 291
57 143
155 486
28 116
265 846
1001 1031
213 656
49 584
371 455
294 909
575 1008
488 631
742 776
14 1120
653 698
861 876
232 296
45 61
71 199
70 234
304 321
997 1002
503 530
680 1066
842 899
154 233
780 924
712 869
90 477
346 403
251 431
136 593
284 428
516 814
213 1042
496 756
122 429
782 1113
154 498
881 1092
1066 1137
571 786
243 426
374 995
359 1132
490 532
49 152
361 796
44 711
325 501
376 812
154 848
615 828
663 725
150 1143
520 676
772 897
677 925
72 140
594 1119
622 809
436 453
252 1010
94 195
808 999
873 1065
321 472
564 1133
500 703
553 629
163 560
278 281
295 450
797 846
15 136
188 244
212 830
311 952
359 471
695 798
205 642
150 217
627 1045
583 593
73 113
34 42
652 729
877 1076
788 998
816 980
627 901
754 1005
740 1070
920 1037
428 1100
347 358
497 791
624 895
269 289
323 409
617 627
275 369
546 832
622 1087
180 1120
295 692
115 496
13 634
650 660
378 955
835 971
738 889
713 716
248 616
191 756
466 695
207 355
442 1012
726 920
502 1026
409 835
67 726
84 141
650 781
59 722
896 922
41 179
232 384
181 976
515 1001
788 867
109 170
212 820
492 725
330 812
24 211
594 1001
333 817
407 766
275 467
3 8
480 836
69 1036
92 611
606 832
362 1109
341 1086
100 880
562 1054
440 1028
942 1046
109 291
18 661
763 815
359 582
181 279
35 750
286 332
13 94
346 383
297 756
47 724
1058 1077
264 313
502 630
9 60
116 1089
29 38
599 1057
308 356
246 561
60 254
205 380
607 652
900 905
5 89
558 647
272 290
363 966
409 933
343 988
52 924
490 512
608 733
280 559
520 620
819 953
332 340
204 420
591 829
802 1129
252 1134
870 918
262 361
583 596
529 625
807 978
107 487
416 419
302 317
1114 1135
559 733
1065 1130
228 1042
717 941
585 642
550 684
591 685
690 807
155 649
454 796
36 54
380 767
130 592
671 1059
905 997
334 1145
2 406
27 499
206 321
52 263
501 504
437 748
233 1098
150 197
33 515
763 769
421 511
342 367
286 466
894 1109
130 713
860 967
603 896
770 1073
790 1051
163 252
596 628
17 18
601 743
673 1140
621 950
49 904
7 233
612 1130
385 673
498 879
766 959
812 926
784 1093
70 289
5 43
284 398
478 492
250 256
116 405
28 63
430 1126
969 995
58 729
834 950
712 924
852 855
329 814
103 471
348 647
140 618
37 642
260 305
153 179
277 623
865 1059
590 854
589 975
504 522
195 590
151 892
440 766
255 312
508 641
433 498
662 699
252 306
775 1021
607 1028
968 1007
227 249
177 657
383 762
538 556
757 823
192 1051
50 64
515 801
241 269
279 561
492 525
451 673
398 481
605 731
617 705
657 741
185 782
335 461
262 1002
418 990
517 883
348 925
811 1064
60 787
662 1121
24 47
575 824
207 806
143 147
1034 1109
403 1126
705 1019
77 696
141 1126
944 1072
263 594
314 639
271 1092
193 498
539 614
1007 1097
791 978
479 483
58 310
289 322
634 851
235 351
370 1070
122 739
52 86
323 729
562 1011
943 968
82 1048
157 962
562 602
493 768
246 482
558 977
46 457
635 1117
137 166
104 1072
49 53
961 1138
576 622
654 721
747 769
806 855
291 489
1086 1138
710 738
650 836
443 623
388 458
600 1015
513 718
1 161
17 780
106 443
64 855
211 645
347 426
31 40
488 810
243 713
817 985
101 220
246 495
861 911
705 1009
241 1054
66 119
220 851
305 1075
454 789
292 1105
293 426
125 470
577 1088
65 568
923 1124
204 354
924 1052
521 964
642 845
797 868
33 472
825 966
485 489
137 300
610 749
454 910
188 760
749 1056
202 429
496 647
285 1101
502 541
366 946
279 649
742 788
269 1093
287 653
168 287
238 1026
273 309
269 455
95 568
688 853
1062 1143
292 853
205 556
471 1084
7 46
250 707
740 863
105 209
158 1118
24 809
280 735
286 629
34 185
25 216
646 792
865 1016
196 592
368 1113
617 914
4 13
435 608
689 790
263 273
262 308
575 768
881 960
354 540
658 802
341 866
18 850
100 660
406 995
81 381
767 974
381 493
494 550
873 992
40 200
192 514
539 558
34 980
245 260
347 1031
795 892
536 552
15 966
5 98
432 580
617 891
870 1071
697 771
549 607
54 256
760 1056
308 401
586 674
582 1049
425 577
575 1010
2 65
781 886
20 119
412 494
39 132
825 1041
8 410
59 492
258 930
565 852
672 1064
37 553
35 772
247 283
818 1038
629 873
243 392
824 932
447 982
177 1121
455 577
267 377
8 37
130 637
34 1078
63 318
523 711
384 553
336 476
388 523
941 964
878 1024
55 233
747 1135
653 942
122 143
62 1032
18 22
76 521
650 793
576 615
452 1037
224 801
53 165
276 997
94 691
498 515
489 961
643 790
1103 1120
262 275
47 350
446 999
98 581
74 1127
717 1084
644 834
839 930
944 983
864 874
956 957
632 716
459 663
176 622
817 1027
3 285
126 764
180 592
915 961
660 671
312 482
97 557
177 437
759 942
705 822
394 1109
670 864
44 173
684 1028
456 675
414 795
109 159
113 309
88 136
693 704
93 1117
14 186
241 314
270 1015
5 366
719 841
321 343
886 1018
493 535
125 139
282 760
283 725
468 887
218 1004
7 412
495 724
57 907
694 704
780 893
1025 1069
526 568
4 114
584 689
311 414
203 323
250 255
677 737
241 435
140 532
124 853
474 557
606 713
813 926
725 1042
65 358
657 678
28 327
134 574
249 295
760 1036
157 886
211 857
28 592
30 107
488 842
802 889
102 1035
826 837
160 976
578 735
692 757
395 879
49 1145
543 634
286 334
247 263
878 1112
699 881
66 825
582 741
58 67
40 278
671 675
755 934
502 717
114 492
161 195
255 1142
171 883
679 795
501 529
310 812
651 962
284 531
744 924
105 300
483 740
504 534
351 441
737 885
568 964
977 1132
112 833
943 990
501 794
234 301
313 594
571 1118
746 970
377 987
26 909
58 224
570 744
188 828
47 703
869 1077
102 230
748 787
968 1019
705 1054
352 521
273 377
511 694
35 585
397 529
816 1070
435 555
95 227
721 918
820 1040
617 1126
973 990
446 570
59 161
307 900
10 39
413 1067
527 1052
693 972
264 1087
321 575
846 1034
344 787
77 443
248 441
17 20
119 705
87 344
507 701
145 843
307 347
479 868
181 945
537 809
402 764
156 214
429 638
539 1035
294 413
651 1096
425 524
674 1079
958 987
477 534
369 443
249 298
522 722
716 816
401 661
33 265
286 445
173 388
28 824
46 204
700 728
772 833
611 650
91 355
350 466
67 901
885 890
205 228
163 1134
116 119
845 1082
534 552
342 876
468 723
315 593
494 595
316 329
599 1026
14 107
19 222
706 1009
485 632
726 758
275 822
629 905
32 835
360 780
69 79
509 580
55 144
533 937
87 213
260 284
498 979
967 1049
676 1022
452 1128
25 503
66 275
1 29
474 478
905 1110
209 589
795 1058
401 939
36 252
682 772
668 874
243 990
520 710
59 501
714 990
138 565
626 877
119 286
486 488
744 1012
38 69
745 748
530 531
197 205
989 1045
70 775
241 248
408 425
493 649
614 759
288 854
451 652
884 1028
44 902
881 1139
762 773
500 773
58 577
652 907
772 823
169 673
544 550
24 26
375 778
283 286
328 437
364 848
33 111
371 744
44 120
304 574
254 982
283 551
217 277
133 872
843 968
339 940
767 1009
848 1083
501 630
14 1000
26 71
499 520
300 985
569 993
52 883
615 960
188 664
292 1130
0 464
0 693
835 1149
742 921
775 869
210 911
369 410
450 929
20 33
268 772
91 93
310 360
501 980
308 436
606 1033
854 869
103 970
96 931
96 702
685 917
124 355
149 299
655 1074
532 1083
392 1109
62 151
441 556
526 780
647 661
730 1104
99 972
418 429
675 988
880 1048
42 703
167 1112
11 41
656 1011
831 863
697 783
748 865
54 268
601 666
387 706
287 390
97 638
331 396
284 321
503 508
62 128
427 778
405 876
253 333
550 1114
397 643
318 728
316 947
290 809
296 331
92 681
35 110
496 505
724 857
704 1028
263 419
736 831
189 1107
10 876
673 1040
286 631
253 454
533 917
953 1094
52 55
398 463
115 520
125 979
782 983
356 466
574 954
21 104
1 9
945 1126
818 942
487 922
555 797
74 115
157 787
639 647
195 670
367 862
749 927
88 135
518 622
60 710
106 677
693 1148
876 1004
995 1104
2 885
141 146
175 813
772 803
285 419
424 614
1092 1122
376 803
571 633
963 1008
751 829
473 1144
847 1062
26 424
92 635
185 597
487 490
819 1000
167 320
640 732
85 101
488 491
165 475
47 74
577 1057
765 1028
499 500
55 981
604 931
872 1011
924 1021
377 394
804 876
678 1145
147 1100
374 999
263 265
586 918
113 177
653 679
9 614
7 424
435 456
282 363
822 902
867 1053
41 157
7 15
73 1043
496 1146
272 435
398 574
16 509
505 557
495 1001
123 226
229 473
537 589
385 1129
118 785
485 1073
878 1147
193 290
1012 1147
759 967
791 999
1019 1043
490 513
929 969
566 917
62 72
841 856
539 671
560 614
818 1138
758 858
451 707
51 1145
377 492
494 519
713 972
0 133
254 278
905 1142
515 1136
523 582
273 785
908 1067
406 820
653 777
171 774
787 1006
224 371
818 1030
170 171
274 637
429 660
336 432
369 380
163 1035
292 920
5 103
78 173
424 581
190 234
599 927
873 938
772 1035
381 1113
880 946
273 942
76 248
396 604
288 513
281 388
53 530
760 917
244 735
765 995
200 320
120 965
371 547
792 869
663 984
237 467
891 991
334 894
620 1022
568 832
55 310
242 1076
626 693
806 889
726 780
5 80
230 464
583 731
902 1122
192 1075
1080 1128
577 916
348 1093
102 772
331 366
579 617
304 498
822 869
807 969
113 409
257 1060
541 590
700 763
246 264
305 350
5 201
791 881
654 1141
36 45
701 844
409 1081
327 337
311 658
279 297
209 876
35 574
142 557
962 1113
547 871
197 901
452 862
312 330
39 1138
531 554
382 803
184 1084
489 557
761 979
33 277
165 167
364 376
62 569
923 1014
548 871
152 871
259 625
486 487
356 786
406 1052
335 354
585 1140
873 1049
179 223
109 802
308 1011
610 904
603 779
509 1001
520 1010
928 984
966 1096
0 77
604 1009
256 820
700 717
16 201
428 783
783 831
65 880
430 829
897 1118
570 723
247 1122
1044 1137
755 1034
28 31
225 725
312 464
165 265
46 85
484 805
38 81
317 399
837 843
620 1074
364 1148
382 528
359 661
8 58
26 106
559 835
207 267
819 911
699 729
147 890
536 851
125 759
153 183
333 379
644 1058
158 527
198 828
915 1149
900 1020
527 658
426 692
87 94
744 772
83 883
459 725
785 1075
424 767
430 698
426 993
301 553
832 1006
337 655
276 416
69 166
282 310
620 714
248 1071
166 364
46 219
712 797
17 421
526 527
442 793
344 370
503 543
555 590
651 1052
623 1133
611 979
378 399
616 1094
543 1110
426 970
507 549
79 108
1091 1094
590 812
775 1123
159 891
330 364
474 866
46 425
920 952
48 614
131 648
505 746
373 410
30 187
777 796
396 430
565 1105
867 1098
55 100
16 783
87 169
766 1015
52 211
812 982
110 710
371 373
258 316
923 1115
186 1114
878 927
561 991
554 1132
154 524
288 1098
168 687
501 753
562 583
174 358
59 228
254 1141
4 292
26 1097
843 1127
50 179
413 1134
623 678
296 320
416 1139
465 915
246 319
617 1049
290 654
803 910
218 665
340 362
425 964
126 173
444 977
549 1030
685 811
418 696
398 452
745 825
282 686
5 786
186 718
640 888
238 765
860 928
219 486
871 937
142 648
678 771
624 800
542 618
289 401
455 470
793 1103
714 959
832 1094
133 190
128 749
402 723
237 247
548 926
16 544
117 596
218 233
94 463
310 316
105 887
34 418
441 656
793 995
443 1111
665 809
245 372
334 975
22 443
491 513
263 277
760 1083
195 1045
136 730
79 196
759 858
905 912
367 1008
16 256
682 983
3 57
220 580
103 144
653 956
204 721
224 550
145 406
926 971
927 936
498 673
234 1009
285 300
552 644
159 161
267 777
227 704
501 1093
557 579
509 539
423 1024
8 28
99 146
378 464
46 1043
94 296
173 589
120 1108
75 548
306 1118
149 268
480 862
8 149
559 926
714 949
487 492
52 335
879 1016
8 414
105 841
55 80
608 638
201 400
171 786
209 1078
534 609
0 1
415 917
594 739
487 613
338 899
626 957
79 330
905 1046
548 1037
491 503
285 1072
36 188
293 747
661 914
160 483
500 588
450 996
318 468
890 1039
503 742
289 404
132 686
606 1100
500 853
495 509
518 987
258 682
7 17
1074 1088
316 772
284 411
770 942
715 1006
96 360
922 1076
164 903
439 879
99 136
691 914
6 57
568 1109
916 1032
263 473
147 670
10 27
356 435
414 642
32 231
560 616
352 401
730 1027
964 965
63 155
92 856
686 1100
204 1097
121 425
614 852
289 875
31 122
394 1077
117 311
123 205
84 134
417 423
755 827
713 1059
534 599
211 583
832 930
85 178
6 34
494 871
349 553
69 90
507 581
250 776
1 858
596 775
491 493
34 663
30 772
286 469
222 942
599 700
562 1047
509 892
45 937
509 663
8 381
609 750
734 1010
721 811
578 762
136 795
432 528
590 736
376 484
395 497
165 709
210 860
445 992
217 756
519 941
677 1006
77 107
466 822
174 534
398 916
225 616
199 298
692 725
861 1091
889 1010
256 1097
0 125
121 235
561 650
38 237
376 870
336 568
284 378
815 831
712 1084
267 325
819 1067
618 668
818 842
475 619
380 1025
76 1022
55 145
232 632
712 940
164 726
498 751
506 1100
252 1104
144 1013
503 686
322 382
335 464
56 491
327 1134
194 870
188 567
95 339
283 310
641 772
360 493
176 858
44 373
29 659
730 1115
750 944
296 365
836 867
111 957
185 906
4 602
545 1069
526 827
805 1145
0 1126
586 841
27 60
610 906
503 843
778 782
613 1060
508 778
242 250
892 1149
698 1055
581 619
617 721
554 1010
448 763
307 495
256 1087
760 886
220 347
278 846
729 898
909 1094
156 182
902 1055
261 384
177 650
585 890
469 1087
1107 1115
539 594
448 1113
563 722
742 1102
461 674
114 221
672 1123
88 169
593 750
523 914
34 872
170 238
517 611
563 578
756 893
412 1083
195 560
66 675
341 385
117 906
573 771
70 645
987 1134
326 342
533 555
304 732
155 789
583 821
271 326
64 76
936 945
866 1109
220 360
270 855
271 820
102 862
614 665
546 759
589 837
524 591
951 1073
461 651
131 925
137 856
44 628
300 325
899 913
920 1085
418 875
692 849
710 754
496 794
89 141
249 279
389 439
330 353
322 349
498 983
787 857
1048 1127
33 1149
100 156
780 818
137 712
451 908
191 274
101 609
660 1018
233 685
381 928
394 638
127 145
566 830
44 376
733 1007
26 62
499 511
63 475
30 212
583 919
23 173
156 1111
95 198
727 820
298 377
651 681
591 779
418 479
41 492
259 980
560 1057
118 675
43 910
316 1105
284 744
527 614
880 1147
99 1107
169 906
399 465
26 183
852 936
391 461
384 831
631 708
756 968
141 435
480 655
747 1148
1 949
705 773
463 980
288 570
342 690
882 963
243 827
539 597
265 357
213 1070
641 1102
716 1016
270 292
205 837
956 1114
148 595
161 385
28 121
12 442
341 352
306 623
53 443
598 1060
259 957
845 1017
528 1081
73 537
50 1048
11 562
62 119
301 401
1 23
944 1032
305 371
675 1136
542 872
722 839
686 1145
102 191
158 617
252 773
540 682
319 534
805 1102
451 1019
558 587
736 1002
674 1027
327 803
93 636
472 1078
241 242
27 282
196 994
210 892
398 863
416 997
652 865
243 431
377 660
1059 1103
17 125
310 341
203 215
297 408
574 945
541 768
130 905
224 683
60 315
527 604
196 850
519 600
67 1114
531 840
429 972
435 866
144 165
491 538
244 252
204 1119
504 1002
289 1077
258 681
825 1057
137 162
246 972
386 866
218 873
119 522
573 692
246 334
158 221
491 659
590 781
191 218
57 138
502 668
796 886
127 462
429 455
856 937
69 112
14 176
393 1027
208 307
327 407
41 50
389 913
104 106
341 427
8 138
639 795
510 1059
569 1108
85 92
264 472
353 1075
106 789
319 933
59 485
621 746
491 1045
279 488
746 777
247 276
345 433
398 588
946 951
330 719
73 877
455 979
146 489
319 380
243 421
151 158
718 800
1119 1144
391 405
723 915
520 815
184 866
742 748
738 1123
886 1021
47 860
21 579
319 910
529 640
22 49
38 668
441 527
236 1143
578 761
217 490
325 352
689 1123
616 1053
322 692
400 1020
303 413
719 1145
302 368
527 715
51 606
313 1137
251 259
344 450
146 731
257 302
373 922
103 244
555 670
580 843
386 712
353 535
317 469
673 890
760 895
597 1017
478 651
245 449
582 888
502 779
589 784
991 1056
123 194
86 950
281 402
75 154
446 884
40 196
10 811
593 903
12 363
525 619
72 148
745 771
25 827
9 65
881 1077
495 596
320 335
697 996
475 654
500 976
248 346
641 686
686 837
578 895
83 773
294 1136
451 711
604 624
84 1043
282 344
888 1057
122 126
14 35
25 310
368 533
319 491
198 610
920 1009
331 465
836 1046
164 208
641 807
855 916
22 124
41 174
38 514
491 868
27 913
824 928
542 950
38 105
144 531
402 1055
357 495
512 518
491 495
500 809
674 696
738 1126
513 599
256 857
128 937
189 538
584 659
334 1042
545 551
505 515
524 528
85 975
146 842
560 1125
69 1116
508 669
367 401
1066 1076
55 314
354 876
141 503
127 190
511 939
471 903
645 939
419 447
286 1086
248 336
448 510
242 262
548 597
261 275
161 188
172 426
74 714
91 129
475 729
480 1073
299 1061
163 908
959 1107
553 797
484 963
192 297
917 1110
157 339
356 548
1 91
981 1131
263 851
215 545
322 757
75 242
211 1069
660 932
42 65
636 687
241 274
1079 1144
27 85
115 543
768 1108
548 610
21 127
397 1052
513 589
118 1142
225 1125
529 862
497 501
185 1052
303 370
436 634
58 868
218 820
216 896
744 1015
550 921
890 1106
825 860
616 866
1015 1106
731 789
828 1130
282 468
2 5
115 965
1021 1036
262 984
343 829
30 332
299 377
100 1071
732 753
537 694
154 813
204 634
589 741
528 1103
662 1103
227 617
569 646
49 1105
560 1092
243 970
702 767
133 1104
144 210
506 971
296 344
246 752
535 626
47 277
240 592
234 369
841 961
210 829
699 877
46 318
204 526
83 465
555 1098
83 1139
935 1090
646 987
740 1143
874 994
341 351
27 75
496 1048
14 630
692 694
584 603
542 1015
621 1079
76 196
554 760
402 1120
363 1049
0 997
484 701
77 426
73 801
64 78
635 1099
675 1135
976 983
614 667
492 641
539 573
305 406
552 655
717 988
344 397
242 615
836 859
85 811
22 117
42 1115
271 1087
455 759
1068 1102
507 540
639 696
81 926
918 1014
492 497
839 870
596 734
525 939
626 762
920 943
403 833
429 742
499 1066
755 992
522 561
1094 1132
625 653
247 1116
572 647
244 287
677 700
9 12
181 496
76 968
120 337
24 778
459 477
251 448
610 875
394 1134
262 457
576 882
884 998
158 1123
35 149
249 258
532 955
1049 1065
241 254
90 759
195 287
733 1094
148 175
38 569
23 440
492 510
532 546
664 1031
3 202
708 1037
76 186
634 1088
877 995
889 969
233 664
314 323
493 740
885 1115
53 59
598 905
252 268
490 585
415 820
1071 1125
683 720
487 516
891 1014
523 618
242 605
336 383
286 791
282 412
248 270
855 948
130 1038
150 787
135 887
266 324
406 447
531 744
22 601
409 718
99 821
108 232
947 1067
194 1058
571 636
5 633
702 747
747 898
206 394
397 865
462 765
434 932
687 1112
198 655
17 500
156 658
688 933
574 682
62 916
523 1125
659 906
445 797
263 677
18 989
255 902
450 732
489 989
92 1024
609 905
797 876
876 1020
54 274
78 631
305 759
1 2
57 657
26 1078
528 1096
1044 1098
590 662
424 450
507 1122
950 1054
597 787
295 336
88 272
576 584
527 871
440 574
51 762
600 712
711 808
663 997
290 635
417 447
775 1058
954 1060
518 1024
899 1124
500 710
679 941
33 192
753 890
551 792
631 1050
411 781
48 729
597 679
394 957
281 293
233 631
391 839
712 745
164 531
340 1102
95 288
506 905
662 893
581 676
596 1064
563 658
410 528
420 987
284 834
618 1088
146 226
369 1021
247 278
684 1033
181 970
487 1013
280 949
856 916
47 103
44 443
785 1121
285 389
55 601
427 1147
235 797
221 670
56 1091
830 863
640 1111
309 374
254 438
588 692
100 380
519 592
32 1148
730 1041
1084 1124
175 639
563 635
169 479
349 446
782 822
184 724
974 992
546 731
