# 1000 vertices, sparse
1000 1500
48 948
594 743
168 226
0 270
508 560
90 163
372 672
164 606
484 733
474 948
390 396
574 662
358 629
336 461
356 439
228 519
55 182
172 438
32 55
33 136
369 759
89 296
181 708
425 781
457 584
574 760
25 289
13 55
603 674
495 961
353 877
473 793
412 554
677 745
528 765
788 841
21 31
339 340
337 645
641 907
616 734
485 925
787 881
51 287
522 583
454 528
499 679
83 621
511 653
204 273
409 413
91 252
13 827
289 316
313 710
14 233
447 646
669 722
69 205
456 614
688 857
487 574
414 590
38 339
371 399
630 888
595 930
574 727
393 423
313 314
446 578
516 902
483 725
391 462
343 422
363 400
254 493
45 90
216 237
348 356
735 802
131 687
335 831
418 457
382 534
482 621
107 186
498 974
180 256
652 660
11 972
543 753
628 940
346 733
646 845
374 386
13 35
630 757
575 641
466 505
726 959
512 621
436 891
91 219
163 324
444 486
240 836
748 834
338 441
473 894
177 752
448 986
419 550
571 913
91 196
436 459
783 948
548 556
188 250
440 465
40 86
546 861
56 210
394 763
422 453
246 456
297 687
358 517
377 530
37 53
382 874
611 962
449 900
0 845
442 632
509 542
353 703
0 27
472 660
423 618
402 595
325 497
335 919
638 849
391 563
80 292
360 575
139 198
11 278
451 879
12 14
67 215
354 393
937 973
410 553
340 345
367 448
759 972
118 152
128 202
414 645
527 585
97 443
108 718
177 323
39 93
589 762
446 633
85 325
345 401
3 63
15 37
668 682
660 678
99 116
118 129
461 468
671 692
25 59
422 927
3 40
714 955
7 10
678 852
397 461
383 526
677 744
790 913
361 507
566 647
122 526
466 681
414 491
354 360
46 918
478 511
65 113
344 431
485 672
75 279
352 816
434 855
451 944
699 780
497 911
257 813
13 80
570 751
338 365
515 555
104 463
269 759
523 675
542 774
2 6
221 459
99 204
205 222
170 264
421 520
116 967
211 530
396 612
127 158
335 336
401 547
393 543
338 378
5 52
336 417
573 918
654 992
881 891
111 564
18 107
366 445
6 547
880 931
338 993
87 99
724 799
7 255
371 388
440 896
656 786
462 655
349 369
446 567
583 801
381 437
681 735
371 509
431 523
144 201
362 689
7 641
562 863
302 558
54 164
344 411
43 154
470 636
668 737
106 210
430 945
449 958
183 579
636 933
628 700
565 989
43 684
517 869
625 631
94 357
169 271
688 836
4 320
592 719
135 394
404 555
112 267
230 933
537 904
562 997
330 611
290 309
33 95
87 969
226 904
628 798
114 168
5 261
228 864
388 673
360 754
198 921
856 927
26 91
683 855
182 195
339 407
604 827
252 259
555 562
516 979
575 885
308 312
66 141
423 787
348 613
240 671
8 56
137 695
439 508
121 836
31 39
14 215
663 746
373 827
254 318
373 912
113 315
768 804
0 29
362 790
531 568
586 912
596 813
617 756
352 861
84 149
118 779
457 510
251 262
369 397
200 625
342 529
397 990
40 981
44 48
483 504
432 867
734 760
393 467
799 889
494 778
18 669
7 22
0 19
428 954
657 926
562 954
362 600
849 867
354 372
31 127
683 956
648 849
36 62
855 919
425 926
485 684
217 604
419 738
99 239
152 394
44 303
439 573
458 586
523 566
663 726
343 456
807 999
95 125
345 416
90 275
856 897
548 744
339 750
174 274
403 771
283 446
161 191
424 830
45 245
598 866
664 668
68 228
74 79
334 384
434 471
201 794
491 596
631 756
150 303
507 949
448 634
335 348
162 313
599 659
70 166
91 109
428 548
509 622
71 167
399 490
37 928
13 82
566 603
465 700
435 937
89 300
218 679
97 160
570 609
35 185
249 294
587 698
511 559
169 450
24 32
529 842
3 9
47 424
93 311
333 409
474 497
33 117
872 952
41 386
47 51
335 338
366 591
454 820
421 643
137 475
365 482
544 569
367 793
172 288
339 465
171 329
19 869
17 42
80 470
822 964
353 485
269 751
731 782
508 773
46 599
573 753
147 236
407 986
774 779
698 906
421 597
674 777
466 748
32 147
3 120
31 676
520 575
25 224
347 424
88 200
334 341
825 987
78 235
769 943
437 582
233 932
7 211
378 383
870 994
122 197
90 101
462 647
549 651
157 950
392 444
37 67
503 769
463 733
555 587
666 683
846 879
409 469
599 858
492 503
443 876
12 15
0 306
1 5
632 662
52 87
285 438
342 829
602 905
280 854
53 317
5 11
446 922
348 350
497 824
346 920
816 869
333 343
55 627
448 967
530 628
168 504
226 631
382 878
483 552
88 288
460 834
361 446
195 234
26 47
65 304
429 846
529 933
416 498
81 248
76 169
103 272
454 466
328 390
544 768
465 624
550 848
308 677
201 551
583 616
146 615
57 686
74 366
539 811
226 729
59 94
550 560
161 370
868 906
186 283
519 572
536 661
42 126
562 570
19 142
133 164
228 401
55 64
846 859
466 983
19 263
0 21
40 57
439 971
573 785
145 524
64 270
536 903
591 610
191 985
415 613
223 973
401 571
57 123
403 531
404 841
360 389
55 836
479 526
377 478
355 576
533 991
521 608
370 475
480 872
650 758
74 562
702 805
493 811
434 496
143 841
287 297
56 135
350 353
11 658
64 633
40 47
6 54
308 621
662 853
297 877
406 518
523 545
379 946
607 953
482 513
493 788
345 395
351 704
732 804
61 227
22 119
426 734
25 390
446 712
700 857
38 100
389 443
5 331
746 860
338 477
435 818
417 541
723 733
708 833
134 189
163 517
5 43
543 887
763 890
456 473
559 602
579 580
517 605
453 849
110 775
691 757
294 712
257 385
40 158
460 601
151 254
156 598
444 656
357 359
400 815
31 832
743 925
435 772
44 249
717 872
377 458
415 570
66 273
323 981
478 626
865 892
385 663
68 89
379 625
633 770
759 766
349 602
701 941
136 229
564 792
470 519
218 792
34 74
430 828
152 209
249 636
139 764
337 376
426 979
15 96
568 654
333 342
257 761
116 493
15 181
361 589
718 863
644 648
244 269
542 637
72 571
89 102
380 989
35 131
135 218
438 521
144 568
765 915
380 436
485 489
494 946
23 49
72 319
591 884
448 835
78 744
382 481
40 223
182 981
354 419
384 936
246 328
656 757
369 398
354 684
165 604
516 718
631 705
344 346
395 428
782 837
6 207
632 749
577 813
531 703
489 886
335 791
124 199
536 552
701 885
19 33
16 144
582 784
373 939
620 667
140 179
110 156
96 258
395 405
336 355
417 429
555 808
669 793
136 824
524 820
121 323
588 841
40 69
97 194
153 620
520 822
454 468
378 738
84 526
669 950
653 942
141 422
800 961
7 13
370 510
508 709
648 948
520 799
505 676
348 463
4 510
233 253
657 809
95 139
633 717
382 726
16 111
29 50
193 301
491 898
524 666
351 366
372 425
165 175
483 750
135 332
52 792
361 415
149 990
819 821
158 172
355 866
343 483
298 560
340 822
77 103
434 606
742 987
346 349
56 281
325 326
704 731
16 65
301 463
335 339
149 859
490 743
622 899
149 221
153 191
200 308
724 802
109 535
169 320
186 638
525 858
436 929
641 889
616 716
456 498
566 895
73 962
590 843
10 268
56 235
671 917
101 157
700 980
644 670
667 919
454 546
815 817
384 487
57 92
664 770
292 898
311 911
493 888
60 246
158 260
337 640
393 428
11 97
345 351
458 557
109 260
615 620
808 935
302 803
171 994
360 515
600 991
165 276
24 157
427 690
5 143
178 251
468 844
370 421
363 382
258 854
39 321
146 155
353 368
640 690
160 956
41 367
16 310
480 939
566 862
164 293
211 670
416 630
137 986
702 764
577 992
432 494
31 150
17 23
62 174
501 859
574 843
327 328
434 540
225 546
368 860
323 443
399 847
640 644
514 950
709 780
702 741
293 307
707 819
683 727
419 797
466 500
45 327
121 322
188 232
440 447
9 117
539 691
69 805
380 438
491 534
188 533
543 581
502 808
668 697
486 720
630 850
333 334
135 727
624 775
287 861
402 433
398 728
819 987
492 592
262 395
90 877
8 170
447 477
719 899
119 266
26 38
346 394
117 198
98 184
400 522
147 305
37 61
207 212
59 85
321 728
420 850
461 473
712 729
425 556
2 44
7 159
474 677
33 68
553 741
20 98
343 639
507 890
44 162
105 178
785 840
351 993
486 543
339 344
382 980
743 959
648 721
29 75
688 943
152 374
52 58
385 841
202 231
367 564
679 830
239 378
467 687
17 78
216 287
109 161
789 823
347 627
514 740
652 710
708 870
394 414
465 474
403 499
781 976
335 364
154 289
353 498
413 549
436 532
815 937
393 427
474 680
31 110
371 380
3 133
836 888
339 347
372 381
71 124
10 28
563 586
704 710
640 954
378 805
424 921
290 841
256 699
342 888
9 41
362 982
618 908
430 708
791 979
336 664
749 753
300 369
403 610
736 899
657 755
334 367
359 396
410 770
637 669
360 769
126 602
511 938
526 658
838 924
216 352
47 165
46 206
329 903
51 284
4 60
157 302
406 777
459 869
252 804
507 536
105 413
70 126
681 694
195 800
76 699
736 745
202 286
174 224
57 84
335 815
157 171
375 479
653 832
764 965
366 430
759 999
592 593
30 66
2 4
191 285
17 398
197 328
649 983
196 220
71 634
465 902
23 148
503 785
447 741
208 230
179 661
432 761
457 525
418 454
510 537
414 420
198 301
38 169
207 535
647 807
177 592
766 907
894 913
369 533
182 298
842 902
330 727
237 499
379 848
400 642
445 793
139 192
229 760
390 448
477 516
435 599
343 373
372 845
41 71
618 986
55 872
339 402
498 575
181 459
841 914
122 180
584 965
366 397
693 908
699 951
680 709
20 25
614 620
358 514
370 488
224 779
178 583
520 957
818 885
22 420
21 83
105 720
339 392
814 887
142 903
338 549
31 132
19 652
695 706
915 975
137 644
206 249
0 1
387 410
606 714
504 846
959 981
557 592
513 522
4 7
475 495
340 450
443 957
214 639
123 192
68 256
656 692
781 952
7 17
269 282
580 818
399 806
604 766
351 357
429 685
356 435
506 868
5 586
244 868
11 108
630 940
483 512
453 898
420 721
560 881
254 280
405 449
594 873
393 969
936 988
81 208
567 776
359 418
864 999
6 34
9 76
10 678
659 715
441 901
228 528
235 387
72 280
33 554
496 693
492 839
518 977
46 264
372 514
546 550
162 295
185 687
699 908
199 213
38 116
113 146
72 257
799 851
784 988
108 296
800 932
523 803
93 810
216 243
368 377
625 707
464 610
349 363
633 652
338 362
10 151
722 882
225 979
488 535
347 596
165 290
4 193
529 981
958 978
40 524
536 611
661 871
662 836
360 385
264 417
100 202
485 767
151 247
595 638
540 702
539 594
79 529
665 998
366 442
911 996
370 412
529 814
345 993
561 617
484 699
54 148
57 73
336 391
340 361
358 415
50 70
634 844
545 915
143 526
523 747
41 106
552 810
759 880
71 214
415 432
385 669
490 691
157 173
429 452
143 912
333 335
832 985
592 595
487 658
552 558
571 657
24 30
714 742
519 646
90 240
28 265
656 737
353 470
425 724
556 915
597 687
346 696
717 868
336 502
50 145
75 89
579 674
438 635
698 711
169 775
24 128
456 688
355 493
266 564
40 72
49 566
618 723
450 501
343 375
679 998
120 217
810 929
402 460
350 944
215 490
207 635
63 707
525 652
729 796
33 46
549 865
631 675
114 299
63 190
344 352
82 203
121 689
635 910
387 579
220 402
214 242
347 363
98 970
5 104
30 277
390 440
609 893
50 112
576 716
470 734
657 789
428 588
14 45
754 987
354 379
603 934
393 752
335 365
312 498
0 3
207 216
387 412
431 598
379 408
243 398
90 305
542 551
27 105
33 36
160 485
929 996
22 26
496 970
761 895
825 916
342 539
345 544
409 565
681 764
37 284
357 374
569 931
367 833
127 177
465 730
358 604
752 909
409 686
51 187
777 853
26 130
465 586
763 774
350 492
440 794
106 131
438 461
790 912
409 928
15 134
440 506
353 358
345 354
36 422
502 746
102 138
720 825
644 686
579 971
130 587
509 763
381 577
19 81
208 771
539 907
441 484
606 817
338 737
352 406
325 538
89 261
184 944
382 434
459 883
727 963
306 524
45 111
468 968
477 671
15 88
239 241
13 20
684 713
923 995
675 893
467 864
21 140
754 957
404 695
619 732
503 966
164 188
523 615
320 701
6 16
630 863
435 538
473 650
500 524
44 244
509 838
742 960
228 330
92 406
204 238
723 803
341 472
297 731
12 153
358 561
396 673
109 122
488 527
601 669
387 480
6 114
504 736
270 569
416 623
552 812
331 664
51 121
9 12
489 649
594 665
345 455
86 115
603 750
69 291
337 371
399 840
333 337
4 18
374 783
343 387
25 77
163 456
432 464
566 580
63 225
676 717
365 675
57 150
6 513
371 871
104 118
516 700
374 387
614 634
932 943
75 176
349 973
470 854
354 679
339 370
4 8
2 227
547 701
1 2
827 984
71 183
171 270
575 619
363 476
414 787
215 312
473 607
446 739
11 24
342 947
769 871
22 182
535 704
102 291
70 604
920 923
759 826
50 137
343 390
383 426
403 404
722 795
721 979
59 222
834 856
382 875
563 658
235 676
223 293
77 913
623 937
414 800
376 773
383 403
827 974
352 451
