# 1200 vertices, sparse
1200 1800
292 406
177 190
560 1160
120 330
219 830
32 595
394 453
132 304
461 1117
449 505
7 538
206 747
1006 1182
166 302
232 247
39 81
229 358
344 982
46 242
32 752
138 999
36 48
15 25
660 666
792 1114
18 30
122 645
93 847
463 566
213 620
888 938
719 980
100 334
6 61
211 430
177 288
103 259
631 644
478 1039
356 933
964 1198
563 854
430 590
288 506
102 150
421 541
167 545
139 526
14 37
318 943
4 338
265 293
964 1054
312 1128
547 1031
116 170
139 562
801 1176
262 898
24 352
538 802
138 868
68 1032
66 205
25 518
331 624
13 55
276 285
111 706
281 1117
596 900
217 315
116 412
847 1156
60 1154
285 369
181 1071
83 356
83 127
223 924
471 617
204 273
509 729
536 1011
137 219
429 476
478 777
126 1112
223 636
12 44
501 1175
215 403
0 106
30 357
10 119
72 768
661 754
925 949
134 307
108 1072
245 552
200 1075
89 384
10 11
50 987
87 231
323 1145
45 234
502 967
589 972
854 1126
240 558
33 116
630 1009
63 224
795 1076
842 1157
94 211
98 739
324 673
398 622
523 882
103 216
14 367
529 553
807 1171
350 703
182 481
868 1043
236 537
43 142
279 764
640 806
474 594
403 979
90 339
0 711
308 418
640 662
529 1060
483 535
646 1087
309 419
100 425
345 830
293 554
1021 1113
590 926
671 771
190 318
207 407
681 821
390 608
105 216
375 894
30 36
175 311
188 250
43 649
656 1029
56 210
17 139
623 815
199 933
147 477
61 145
300 427
222 507
14 478
634 717
402 968
18 39
282 643
426 1182
89 99
49 1195
492 1127
332 909
52 446
653 815
679 724
43 626
1118 1180
54 263
322 343
129 177
200 466
322 837
44 743
298 1153
276 497
210 1040
170 824
0 4
176 266
900 934
616 946
80 786
113 820
265 724
190 959
334 415
458 859
17 479
404 1004
71 77
690 872
77 120
929 974
41 54
479 774
937 1094
271 516
142 222
394 586
387 547
445 488
8 636
231 973
203 353
533 902
501 690
453 613
12 233
73 737
75 289
653 903
408 992
327 509
145 618
7 10
185 425
4 121
843 1185
386 680
70 560
96 618
89 164
49 1031
122 1164
261 276
792 995
43 462
51 57
365 1007
867 1025
165 424
452 517
246 269
32 80
436 658
234 560
80 236
691 1064
498 898
283 830
130 359
1110 1133
161 346
61 79
780 998
91 516
839 904
664 823
847 1024
135 1196
11 114
444 639
682 956
24 53
182 261
259 630
310 675
40 442
875 1127
12 609
88 110
473 1083
193 540
25 26
117 258
284 1189
17 1074
12 92
127 567
722 862
944 1091
130 349
40 684
76 112
946 1020
133 997
54 66
567 700
305 322
784 814
249 390
123 1068
71 649
244 720
205 320
182 745
46 67
407 1092
528 744
102 227
132 744
158 653
453 835
242 243
552 957
873 1129
241 952
485 495
310 377
788 941
440 1017
40 409
488 685
9 13
1020 1183
290 1078
6 7
57 89
748 1026
312 953
385 937
40 265
374 519
66 174
426 566
15 586
143 277
481 910
499 671
344 388
315 590
749 967
74 420
305 927
411 828
189 715
117 467
272 1015
232 942
160 953
1028 1177
499 913
633 913
719 916
511 658
911 1123
201 209
137 682
191 244
411 1070
222 905
137 309
45 46
233 920
66 1188
992 1088
596 1088
61 664
51 125
363 1151
27 33
182 581
368 857
160 413
164 941
88 165
83 953
0 52
278 554
456 969
598 644
249 347
798 971
332 381
252 272
248 647
621 1158
22 75
220 1079
72 161
130 139
908 1107
406 860
280 492
158 466
1110 1178
51 488
175 411
359 757
233 501
667 1138
221 792
613 1167
67 325
146 240
44 1095
770 970
264 344
554 708
57 167
346 1173
400 915
472 1169
748 924
880 1143
33 75
62 776
73 1014
284 331
743 845
38 913
72 789
291 864
391 951
64 556
174 199
712 857
399 546
46 1182
23 146
235 294
136 1075
395 1186
16 866
380 654
1072 1141
351 627
683 1100
674 1131
155 572
290 351
405 1092
173 211
582 904
305 632
703 1050
17 85
128 181
255 896
8 530
135 305
81 105
614 834
580 692
238 583
323 770
17 206
828 1022
267 497
422 520
320 472
176 873
349 944
922 1071
604 761
375 709
195 333
356 695
138 1147
679 1056
527 662
138 329
141 892
564 1111
69 494
718 760
53 635
184 826
515 580
546 833
354 483
70 166
227 378
51 301
39 1001
68 241
80 215
947 969
153 959
478 490
487 984
690 818
305 455
775 1127
93 275
707 763
97 919
787 1137
159 522
486 651
852 974
87 991
256 683
890 1086
79 907
314 395
261 389
364 890
390 1028
81 1096
281 1121
257 275
566 881
348 1067
161 832
442 931
49 362
389 696
272 785
501 757
60 111
91 1038
789 931
51 965
748 750
545 799
630 1023
89 290
368 1023
137 187
328 721
444 487
397 937
6 32
310 523
16 18
237 1069
584 884
633 660
289 850
536 727
705 1030
42 457
1003 1101
681 1087
123 939
856 939
444 994
378 1165
199 934
535 740
521 576
585 1006
719 820
337 1133
493 514
717 1125
563 838
891 1161
105 109
1075 1098
107 298
372 718
497 749
651 807
573 1116
297 315
48 248
635 719
694 768
584 753
68 342
149 416
90 101
34 615
159 1104
551 841
971 1018
375 764
19 571
830 899
64 722
322 874
590 917
144 193
921 1053
271 1057
366 800
845 914
330 734
782 1123
74 399
566 1090
666 948
480 529
164 701
920 1093
64 434
399 424
716 1034
783 795
552 1191
94 313
44 83
391 456
448 581
259 422
115 637
16 286
89 90
121 308
26 70
60 1115
1066 1124
630 859
71 78
251 274
561 988
33 51
592 603
12 28
51 248
37 1104
541 786
115 1023
129 1107
450 604
310 1118
665 937
555 1071
288 578
286 388
931 949
2 220
494 911
0 525
131 370
292 324
611 678
69 395
227 423
327 510
73 136
1041 1085
503 772
75 182
656 722
481 604
59 323
1026 1078
227 953
195 741
433 1058
499 1003
226 765
59 359
125 533
305 500
268 990
256 607
143 321
492 1000
472 1171
761 779
232 515
266 428
683 716
7 24
533 628
242 830
297 537
25 832
254 804
329 340
216 283
555 652
271 893
197 678
132 140
355 972
433 1071
1076 1177
101 152
144 788
442 976
227 1051
976 1175
584 1096
186 561
393 482
32 997
48 447
43 597
50 84
745 1054
291 555
839 918
843 1068
135 981
217 233
104 176
413 931
209 1052
455 1193
59 964
1083 1170
143 1106
639 1130
497 1046
724 1088
92 323
299 536
84 648
513 1170
137 1148
102 107
110 785
96 887
382 426
87 100
952 1073
589 1021
434 1147
284 385
213 770
107 343
364 902
112 687
179 1122
171 364
92 974
257 287
311 1161
793 1057
331 846
86 935
531 648
294 326
141 233
463 1187
404 543
243 360
65 94
321 1103
202 1002
979 1188
171 642
394 799
415 593
428 1057
275 964
269 475
362 1197
173 278
78 126
231 368
186 253
506 1097
513 993
132 218
578 713
571 674
203 278
16 43
574 1008
221 332
827 1045
751 906
158 886
149 163
488 532
94 901
871 1087
1026 1110
9 534
180 1090
237 541
127 260
242 1150
13 15
563 827
409 769
237 397
657 754
583 805
510 592
303 1016
27 178
296 977
993 1054
303 378
61 292
177 912
667 1005
960 1178
188 253
1161 1168
699 728
571 808
391 612
563 575
609 920
662 846
378 758
332 382
569 883
255 544
161 271
313 405
269 707
811 910
151 980
8 34
227 975
588 874
585 985
366 681
871 933
161 657
383 441
185 605
65 280
71 211
173 896
117 327
366 802
488 499
273 345
26 59
190 576
113 738
215 340
47 118
166 484
380 593
327 401
138 422
340 865
34 41
129 687
670 776
796 1001
394 612
93 355
105 366
440 844
128 349
786 1072
142 1007
23 412
811 1165
184 366
177 470
11 29
710 970
355 513
805 978
305 1186
144 149
90 178
674 723
272 600
88 928
938 1098
474 963
29 204
103 153
921 1130
1019 1064
111 129
246 848
154 585
377 1151
841 877
380 439
372 435
701 1019
969 1184
323 398
252 1012
9 1142
6 462
8 14
147 172
516 829
543 703
798 929
1132 1183
97 207
203 454
65 260
346 1033
143 179
57 930
748 784
280 450
80 1142
552 872
222 588
280 306
230 305
175 1043
364 793
663 1126
53 1166
795 1016
179 375
197 801
342 932
136 418
410 657
179 990
129 415
889 1186
228 357
49 242
489 843
29 184
74 335
238 672
9 62
226 963
239 487
18 110
3 396
37 1063
73 82
650 1146
150 451
11 1010
315 518
687 1064
223 255
297 1144
51 328
784 853
355 676
192 569
76 766
19 232
179 221
673 756
449 719
429 890
689 966
96 192
278 986
307 900
330 624
316 460
40 147
104 577
311 790
131 185
360 911
35 68
90 498
596 895
572 687
230 429
228 239
327 361
740 908
145 470
572 952
674 1079
2 12
929 960
107 443
353 355
109 669
381 1091
622 1154
339 1094
255 314
224 735
273 511
230 1044
44 130
102 629
2 133
275 557
192 559
162 1174
174 245
422 841
19 716
21 268
382 539
368 641
1 173
127 249
214 317
185 748
57 599
673 831
505 875
678 1175
553 686
278 567
335 463
765 1179
414 1138
530 904
562 627
39 1080
505 587
227 493
706 878
50 573
13 17
110 358
127 756
10 1174
200 926
16 22
7 202
408 1040
790 876
294 380
639 680
151 331
429 461
28 117
42 955
571 810
105 257
614 1037
51 923
314 330
225 667
182 705
16 35
613 1157
276 489
503 531
546 1167
639 1066
547 574
23 159
377 391
827 893
236 797
194 800
334 960
326 956
135 256
639 1187
251 962
33 65
522 1196
95 305
139 491
653 712
598 925
329 737
244 284
245 249
6 870
261 602
238 246
247 560
0 45
203 633
248 1013
86 197
463 858
649 948
970 1183
1 9
344 757
230 363
51 95
735 1173
242 337
105 597
184 512
124 610
443 1001
16 1193
128 580
656 736
975 1090
654 775
138 630
117 198
555 689
223 853
492 1014
665 676
260 856
720 1106
767 809
114 1067
582 1172
370 993
471 667
78 98
22 575
282 880
145 237
134 753
275 383
599 1081
27 281
4 5
11 947
581 1069
440 535
798 1183
360 1100
556 603
51 988
32 746
228 392
533 619
296 563
13 769
73 225
485 844
466 565
210 230
1141 1148
294 458
111 602
307 922
939 1019
417 1059
168 992
377 757
123 203
735 996
603 956
44 175
189 413
61 264
270 1161
6 297
531 793
77 357
377 469
103 266
83 1191
302 704
283 1136
157 731
425 811
453 464
190 270
585 885
315 1024
275 579
14 129
447 542
155 928
396 725
49 123
869 945
158 704
107 213
32 448
67 1080
25 31
108 703
1084 1098
249 562
84 86
162 414
2 950
119 223
58 213
646 1137
465 1125
91 655
226 471
523 1066
68 751
96 590
112 714
61 74
85 431
827 925
135 697
810 1101
78 1066
87 477
126 468
93 965
622 937
363 417
426 882
471 889
449 950
617 1092
486 1017
85 444
187 312
36 408
23 60
185 1025
783 831
146 396
518 713
32 294
3 267
161 295
1 77
306 533
79 262
157 590
725 782
342 901
76 336
610 652
566 874
24 591
845 1192
514 684
260 1176
29 526
70 149
89 1065
166 387
72 343
359 373
407 858
728 913
21 679
350 589
101 751
556 694
283 419
298 1036
328 570
172 402
440 482
737 854
101 378
384 852
405 646
15 869
194 691
713 1027
331 696
919 1132
302 1047
15 87
1088 1089
388 714
159 891
1 8
20 58
64 473
186 319
13 19
1119 1198
72 971
507 670
692 981
270 1108
940 1168
225 548
196 750
184 367
240 1085
254 611
319 591
845 1015
65 186
196 606
51 251
1 21
289 1062
624 1052
99 794
55 113
1108 1137
558 850
201 289
22 875
274 1176
325 504
82 597
204 214
195 394
67 474
847 1074
842 879
620 766
276 1142
66 1183
710 1105
234 996
210 373
426 937
422 558
180 616
7 50
286 368
484 1027
11 20
281 698
0 47
46 1066
1016 1152
293 528
18 180
464 532
177 847
138 776
428 429
79 461
1025 1093
106 823
66 607
346 661
119 124
191 229
199 1136
117 200
128 438
442 485
63 574
29 352
176 371
155 168
103 795
672 803
1089 1091
47 76
0 1
555 1077
140 160
132 156
203 445
883 1107
172 228
624 1032
714 962
631 784
442 619
269 282
528 542
668 702
804 1120
55 587
23 226
484 621
369 634
564 730
657 921
319 1042
325 1122
108 1124
1091 1149
44 56
11 108
159 1175
29 571
816 950
423 1135
807 981
753 1010
1 1146
771 1064
43 96
62 195
269 1162
660 675
185 445
432 551
668 944
476 594
24 842
82 963
279 574
199 465
27 93
296 892
31 1146
128 670
302 706
796 949
761 991
63 577
145 350
399 495
41 787
32 64
82 410
469 819
408 989
48 188
339 480
108 813
85 829
429 639
384 1162
793 1181
116 444
735 1096
79 791
203 1086
899 1198
319 623
368 930
230 322
811 825
121 235
20 103
623 890
179 212
149 598
409 903
22 148
421 648
150 154
782 919
700 1115
505 876
605 734
751 788
254 656
514 961
10 524
797 1169
375 802
38 888
172 702
222 294
908 1036
239 383
0 861
194 726
332 1105
13 162
190 612
2 3
191 693
156 964
425 780
357 496
696 1094
24 27
706 915
786 987
578 958
281 851
90 237
255 341
84 199
268 508
647 950
92 584
100 179
380 462
291 1058
40 393
584 902
157 569
383 503
449 677
503 568
635 953
89 779
85 400
503 1062
338 437
174 743
17 158
289 580
162 625
9 648
516 973
296 332
107 316
640 779
361 1135
51 155
907 1159
761 925
460 705
27 63
13 165
157 667
307 871
979 1004
111 1045
181 386
317 512
252 266
623 847
38 1097
218 798
332 640
109 748
569 1141
368 1008
241 638
160 1058
571 778
59 783
890 940
93 659
481 884
240 269
6 102
414 687
90 855
45 475
73 128
791 1082
90 217
743 862
805 1102
538 758
223 337
397 755
30 1190
4 6
46 1055
360 836
335 663
100 388
377 781
369 777
536 954
38 40
70 72
297 300
77 1163
248 1161
727 787
71 73
259 1176
242 449
113 564
415 1194
87 691
302 499
366 929
686 1099
8 138
113 191
62 374
648 843
26 42
247 1179
630 831
219 851
153 348
376 1180
147 188
905 1035
836 935
120 436
423 1111
8 115
737 1078
81 773
201 546
7 415
432 1116
193 196
145 385
437 822
268 455
347 376
410 804
3 157
995 1085
281 1184
50 763
35 863
277 805
92 122
262 762
50 354
358 1144
418 1195
234 291
349 686
123 194
73 602
762 855
231 1188
364 665
94 432
323 404
0 16
1039 1105
132 135
269 549
583 745
49 137
331 1018
572 1001
133 365
33 49
259 1035
332 839
397 676
38 923
269 1164
113 279
266 521
444 936
289 733
637 693
111 992
763 918
282 1139
552 734
213 222
185 303
90 151
323 502
125 1012
419 735
53 1172
309 869
134 459
143 162
140 273
304 1019
55 952
787 987
68 742
667 1187
59 141
370 591
928 998
243 486
212 913
613 699
551 724
32 982
595 650
271 446
49 104
50 69
558 884
229 565
990 1072
81 550
727 1107
241 310
13 452
390 927
307 1158
960 1049
650 1152
15 641
617 975
217 447
609 971
496 685
125 629
624 1099
5 38
108 396
627 732
352 527
894 996
232 1105
330 365
322 361
567 866
464 710
549 668
91 1022
84 983
295 379
301 688
366 817
238 897
123 681
989 1061
128 387
60 252
483 1109
358 440
9 143
170 1143
202 421
765 943
638 759
431 1183
451 1018
10 372
699 1119
87 183
185 489
114 694
132 599
0 300
779 1084
620 682
600 853
112 132
764 812
420 1151
646 1085
227 872
164 178
269 1134
714 996
338 596
765 1041
926 995
219 873
183 807
303 723
590 816
49 169
28 1049
619 1108
67 223
13 23
544 556
8 582
782 842
735 767
492 631
582 933
51 134
27 451
253 614
163 986
194 299
479 697
585 944
64 189
105 227
29 88
380 840
22 1095
820 846
92 144
52 71
763 986
781 891
632 1140
162 208
652 1155
0 146
4 296
544 798
902 1037
73 395
80 928
610 865
70 97
448 686
218 1163
75 297
53 458
61 133
201 293
1 2
475 1170
769 1159
377 518
55 238
742 796
674 741
635 670
932 1185
61 663
589 1048
309 914
200 1007
576 849
103 171
61 254
11 433
21 1121
327 1047
501 1120
619 1075
860 909
836 1189
330 420
527 1113
801 944
793 940
126 131
487 784
847 947
401 601
287 350
203 616
150 201
682 699
424 849
7 1055
321 348
20 91
530 867
1003 1199
468 483
754 989
70 702
335 1185
