# 950 vertices, sparse
950 1500
299 445
196 698
429 820
68 283
491 651
344 452
137 239
535 923
21 64
145 508
751 812
479 798
163 678
416 858
589 786
379 796
87 130
625 708
623 927
398 400
304 393
532 745
577 667
551 615
582 602
150 865
384 394
743 821
375 803
68 93
265 787
147 157
93 186
197 652
142 573
520 784
694 820
241 286
681 887
607 672
360 386
713 919
238 317
474 902
327 474
7 11
252 565
645 905
523 650
556 684
667 780
232 479
576 783
61 188
179 180
771 878
125 474
308 860
182 226
183 191
5 184
251 591
557 926
631 732
81 179
594 664
635 702
52 237
2 7
87 231
51 277
184 249
62 143
65 68
403 701
736 761
609 806
286 790
78 123
615 736
136 213
529 553
509 840
369 451
533 559
337 504
715 944
588 760
647 666
294 807
235 492
218 897
610 900
496 798
370 393
101 119
655 791
5 151
483 944
578 687
307 309
466 482
583 658
708 918
54 394
521 683
308 310
533 657
558 830
425 486
97 126
30 710
2 877
333 339
347 423
318 625
314 325
121 196
328 409
493 742
491 552
137 140
318 337
19 943
514 922
515 621
567 668
33 60
101 603
524 706
490 564
230 345
349 445
632 913
167 325
390 742
194 278
12 158
738 787
11 13
831 835
796 877
9 89
136 193
528 568
328 363
483 682
161 631
621 737
7 20
544 633
62 221
122 271
620 893
702 703
881 934
26 154
839 937
750 859
130 248
780 887
66 83
563 889
502 793
494 789
166 844
16 82
650 777
103 150
96 111
540 761
372 396
748 912
341 408
10 308
543 808
302 336
387 560
552 627
615 912
126 784
316 356
115 711
56 167
9 321
641 677
688 758
118 227
515 866
169 723
666 711
629 680
332 722
30 91
423 431
493 532
516 924
103 117
515 699
487 488
146 195
59 276
490 642
2 150
47 72
765 846
37 144
570 607
710 767
2 6
100 349
163 634
492 544
731 826
564 569
562 788
609 720
302 303
33 115
453 472
185 392
133 876
7 242
179 205
283 820
363 700
509 754
356 395
393 808
21 33
493 895
512 908
672 897
373 713
401 403
604 762
357 476
511 534
704 849
457 563
493 522
711 744
510 611
303 361
315 335
687 917
534 824
265 370
360 378
499 573
719 805
190 461
797 910
21 131
466 746
102 240
308 345
667 772
32 181
670 926
188 694
379 899
614 802
176 576
214 831
495 930
491 551
52 769
316 470
323 329
299 875
360 476
227 886
121 725
556 653
3 95
33 383
547 604
613 778
319 331
400 405
305 433
499 527
559 578
629 902
42 59
249 272
588 641
105 493
7 186
236 683
47 896
37 65
564 634
177 224
221 825
418 436
342 477
74 397
561 744
71 508
108 884
618 726
400 912
234 242
693 756
304 306
821 941
170 571
67 515
95 168
528 544
518 796
582 780
127 236
489 509
76 828
282 933
80 160
498 822
565 583
9 222
360 564
534 637
366 415
399 412
211 212
370 385
591 618
870 936
428 591
768 925
14 48
302 371
512 855
520 530
26 58
59 92
303 452
627 778
25 215
427 487
100 129
90 838
373 781
126 266
503 747
14 290
283 600
363 480
608 656
321 483
370 375
335 646
62 79
559 885
679 801
240 265
35 241
600 693
504 576
137 145
601 774
215 293
847 915
498 501
53 416
754 872
513 517
379 666
26 807
109 433
300 638
14 15
779 901
278 884
7 12
146 207
653 761
346 381
28 565
683 825
367 934
202 372
313 325
591 598
636 749
790 807
720 828
884 936
307 366
104 452
31 202
207 693
328 345
26 123
555 738
698 903
2 296
24 55
803 839
606 676
625 689
62 203
640 817
439 684
432 559
559 600
429 899
529 577
364 769
360 390
313 315
163 227
35 41
755 776
507 674
557 940
591 673
315 360
200 559
659 844
319 330
93 288
212 654
5 175
612 853
44 103
84 96
515 691
344 809
565 628
90 255
603 740
877 900
102 229
160 170
512 887
52 228
500 504
264 785
524 632
358 420
488 795
81 291
128 223
536 871
109 246
258 863
240 320
56 90
496 511
319 320
377 410
41 232
432 791
20 29
492 513
619 882
40 797
693 804
307 853
198 946
533 936
307 444
636 948
80 172
9 643
28 247
22 87
412 767
326 435
857 888
716 769
856 929
374 511
88 154
212 598
118 176
1 5
34 39
371 478
97 238
591 630
395 426
353 429
583 891
156 409
769 789
517 537
496 514
536 550
118 562
106 179
544 670
310 323
11 701
540 556
552 759
269 816
12 28
317 484
203 233
355 367
492 601
332 383
512 579
23 122
535 599
709 864
312 670
365 416
114 425
30 920
519 739
111 127
171 178
122 285
128 216
81 104
558 932
653 675
319 421
15 833
473 479
615 828
495 503
94 159
148 279
373 397
158 854
607 829
335 370
800 851
311 314
89 201
190 253
529 622
500 595
553 750
495 516
655 883
875 886
546 567
562 920
519 729
502 905
197 269
336 464
18 792
715 869
420 463
30 128
84 285
82 849
487 489
74 91
7 37
660 682
306 333
392 751
90 300
25 845
541 730
327 392
113 140
10 456
47 832
42 116
544 591
740 831
518 575
102 251
535 664
567 616
493 523
84 95
183 217
514 582
128 137
38 100
268 705
310 522
107 608
488 565
265 407
397 563
329 428
494 495
245 843
672 767
517 893
310 414
562 635
511 669
546 547
6 8
523 643
210 448
549 817
512 755
345 349
76 224
342 380
302 307
498 856
385 421
132 915
537 555
125 876
495 558
34 120
6 21
605 695
562 733
552 719
605 731
369 454
566 739
331 427
133 857
636 803
645 888
777 815
346 857
627 727
721 883
18 88
536 608
150 658
228 348
612 868
216 868
204 485
428 867
706 768
317 398
337 376
500 519
312 319
4 23
543 746
307 469
342 347
215 880
498 594
71 643
164 834
282 826
38 57
417 462
49 66
428 471
50 934
779 814
651 665
508 765
441 446
433 442
183 825
337 883
634 697
746 938
485 754
121 706
559 788
584 732
504 623
616 684
489 500
78 600
180 239
413 590
651 907
6 86
12 17
111 139
393 648
45 50
490 580
85 760
642 714
782 837
291 865
640 753
20 142
857 867
176 246
533 663
657 698
434 806
34 198
619 851
149 264
330 425
130 925
126 280
410 942
17 230
100 264
512 846
530 751
522 896
428 703
602 776
636 652
316 382
719 766
319 387
109 205
182 274
316 503
445 769
599 827
6 53
17 99
763 935
7 134
37 422
73 79
491 512
342 798
674 713
211 723
477 842
530 705
608 624
567 772
147 149
618 854
151 299
118 122
837 861
511 727
339 355
331 351
430 510
3 177
147 450
151 914
200 318
12 118
89 301
417 432
128 149
574 644
108 436
576 690
513 521
82 563
654 874
33 298
393 461
171 268
504 557
590 709
5 55
825 877
469 684
695 767
32 194
15 370
113 155
139 256
146 152
353 365
351 441
78 282
792 857
589 614
61 723
101 121
493 502
605 743
685 852
879 946
711 724
100 836
562 781
513 596
812 892
82 409
159 778
491 842
214 304
72 220
600 605
70 147
762 783
61 592
489 810
43 49
16 32
533 816
109 934
505 610
570 590
514 695
260 284
572 785
248 575
100 826
319 455
426 438
173 666
315 341
494 572
14 84
361 457
265 340
478 484
123 256
149 165
248 287
373 467
625 768
792 945
148 843
25 889
549 629
322 358
38 599
680 740
493 505
58 168
29 141
54 314
46 459
74 112
352 465
108 779
297 715
9 19
14 97
3 762
31 186
278 292
303 465
708 779
4 434
109 636
517 839
121 839
111 825
443 481
75 85
139 478
17 409
436 621
16 794
439 753
311 338
54 124
697 904
515 518
184 764
164 260
46 799
599 862
333 334
102 730
492 507
184 211
490 546
303 311
687 831
514 531
55 245
307 317
743 884
135 210
59 108
82 91
550 574
713 717
303 324
715 906
91 145
562 813
34 56
488 491
541 646
96 790
546 581
517 554
521 524
490 536
624 765
502 510
507 854
553 741
512 560
265 539
18 24
350 354
689 723
66 366
307 392
19 25
424 568
381 606
613 620
24 225
864 876
452 522
202 496
15 32
767 799
72 386
74 841
590 757
148 790
514 884
788 858
54 225
80 97
493 681
693 706
339 357
496 606
759 836
56 270
32 62
370 466
35 67
59 461
14 44
547 773
446 870
46 262
560 712
546 548
777 826
34 144
800 809
31 218
38 114
564 718
276 809
2 191
77 105
561 563
488 579
527 570
583 587
491 589
36 45
565 654
347 352
472 612
315 399
201 234
85 431
685 841
590 832
470 687
229 332
488 821
159 502
238 566
192 270
644 659
454 535
394 404
124 400
108 163
52 411
719 725
530 566
170 259
816 928
70 437
308 494
748 766
162 260
57 732
492 660
359 396
563 949
31 185
649 872
55 133
177 275
511 529
488 811
117 904
334 344
486 621
537 703
89 247
367 377
302 805
141 708
679 908
58 710
305 438
710 752
173 547
629 763
362 419
676 880
167 365
853 921
792 911
317 389
510 704
336 402
332 926
740 900
492 506
536 841
377 933
498 585
3 463
496 890
15 208
361 436
500 631
591 898
336 379
556 648
458 899
30 43
453 820
601 655
352 359
129 845
550 609
670 790
671 755
56 73
138 786
732 850
481 630
185 488
323 458
609 901
652 899
530 873
335 926
490 571
204 214
330 439
310 460
24 103
487 538
20 398
233 542
67 101
53 166
610 874
435 756
135 235
529 540
461 485
224 429
270 545
301 798
303 313
6 355
165 199
45 54
324 372
698 699
642 947
187 403
487 515
506 528
20 146
366 374
123 503
490 525
373 943
3 34
738 748
355 867
496 497
486 941
1 109
47 76
0 1
719 734
407 913
20 244
25 30
551 634
475 904
508 592
350 909
318 468
66 741
18 26
475 616
418 905
145 252
37 161
568 700
593 793
53 254
113 156
345 542
305 326
720 833
335 353
497 797
423 582
456 908
77 94
640 845
172 182
2 36
520 636
4 491
364 388
564 828
295 554
397 422
490 613
664 686
529 870
496 693
497 545
62 208
496 549
439 460
531 543
763 929
529 847
327 483
103 775
558 617
69 489
164 232
57 106
58 71
264 319
149 189
368 413
328 340
514 696
113 797
671 679
329 421
452 900
62 77
854 880
353 369
764 843
300 888
312 453
412 540
338 362
38 70
83 221
30 883
272 911
496 539
564 939
531 533
597 707
21 282
2 3
76 855
692 715
3 4
556 562
198 817
781 909
784 834
180 805
6 14
51 165
624 701
649 874
656 770
921 924
558 872
397 775
119 156
274 295
40 128
13 31
91 359
616 818
694 917
135 136
80 200
401 521
158 385
383 732
83 211
336 391
515 542
489 490
827 894
636 688
489 526
500 535
239 314
123 548
536 866
63 125
783 823
657 747
78 927
193 239
772 935
150 543
523 639
67 365
512 895
263 685
178 232
443 652
354 543
1 10
429 573
315 322
1 46
753 813
233 289
539 561
5 16
109 339
329 342
8 27
67 113
659 662
596 722
15 560
140 591
275 407
129 173
579 638
314 743
49 180
19 157
403 448
488 492
318 346
487 792
175 297
507 770
489 493
336 888
103 686
516 855
95 273
209 295
901 931
59 207
371 473
790 834
842 881
153 250
307 308
23 549
38 40
232 808
378 862
334 447
8 17
345 456
18 61
257 492
10 206
9 98
62 253
489 735
848 933
147 211
327 407
78 197
466 867
606 847
34 47
520 694
87 138
547 568
458 459
46 780
594 728
386 699
10 219
304 437
201 281
190 909
269 824
511 586
63 167
495 498
520 671
302 332
584 692
289 658
107 767
402 535
509 518
413 730
366 618
498 508
69 102
507 593
659 727
10 52
303 305
66 69
510 640
118 753
675 707
600 942
487 736
826 876
53 135
446 475
745 771
628 860
808 827
18 293
193 294
46 132
372 418
512 541
101 183
502 612
108 164
367 424
391 781
689 740
220 261
26 130
502 733
507 848
127 298
556 597
143 162
756 771
7 9
586 588
459 929
309 316
30 257
336 449
309 352
11 509
88 469
302 312
552 603
504 792
365 368
637 647
176 209
308 328
581 752
20 190
475 850
817 879
230 265
501 908
73 461
21 42
603 626
255 474
763 764
573 783
3 258
374 430
619 755
338 364
358 571
668 913
575 685
27 471
595 663
541 692
626 916
319 350
86 148
323 878
42 78
34 223
44 267
209 749
354 578
181 915
344 384
57 62
308 318
213 346
598 794
206 715
547 865
351 401
119 832
2 18
265 886
447 634
328 417
13 33
262 588
8 592
10 107
152 865
441 739
15 222
722 838
140 482
508 649
618 637
168 171
624 716
146 534
92 563
306 406
391 450
42 153
160 288
800 914
1 35
263 795
563 678
487 948
293 817
547 819
629 888
556 904
680 710
366 434
12 22
777 908
488 625
766 898
176 804
324 373
592 718
512 609
905 949
56 329
477 651
137 174
397 479
116 380
147 187
366 411
697 776
629 721
515 619
419 502
435 855
391 440
303 327
614 863
100 498
565 857
533 645
112 243
266 301
546 584
529 940
318 348
749 943
715 801
541 914
22 169
534 875
767 848
90 340
310 343
303 304
1 2
44 80
47 234
540 661
185 204
757 775
409 443
18 63
784 914
17 333
71 75
498 520
190 404
305 916
21 74
521 540
311 321
66 81
491 782
63 192
634 947
187 263
21 51
491 494
42 110
494 499
250 813
125 144
752 800
3 38
487 496
