# 1100 vertices, sparse
1100 2000
852 1003
226 232
50 235
207 218
390 419
117 181
286 856
412 852
408 473
301 1021
476 873
376 377
252 899
480 843
242 297
339 638
911 1066
16 70
408 594
374 452
677 755
190 371
390 396
583 711
374 717
480 735
446 742
380 388
108 683
151 644
240 493
179 334
378 543
39 94
219 290
418 536
196 423
663 712
1 67
78 287
537 572
417 427
360 939
616 636
61 234
354 636
505 805
391 783
6 38
425 516
482 641
30 511
30 102
98 1060
1010 1062
429 787
383 491
756 773
643 716
721 815
415 708
414 600
407 475
19 250
930 1010
10 21
289 339
2 17
608 730
192 672
885 895
164 344
561 1063
161 455
408 561
31 574
420 535
385 428
428 1064
551 726
438 440
18 900
494 600
580 789
257 922
39 205
576 1084
791 972
494 1094
854 1028
72 238
725 883
470 513
127 290
85 293
538 913
521 1089
108 133
486 493
516 1010
438 453
664 765
43 152
729 745
681 854
128 1050
527 530
692 863
210 445
658 721
151 1033
404 432
390 497
415 819
460 1007
220 351
27 185
338 343
65 68
234 780
642 983
514 1063
10 626
416 756
95 212
802 828
593 983
134 140
810 1097
772 805
390 474
63 1019
232 711
248 1064
34 58
44 1005
324 1059
412 763
859 1074
626 872
396 446
667 760
558 853
92 300
443 1052
783 971
199 920
102 313
396 531
425 1003
333 362
406 495
51 267
575 798
374 399
707 837
145 167
850 1002
449 658
256 263
535 618
194 962
444 728
163 337
989 1053
658 953
127 908
563 801
31 37
391 429
529 808
1 14
10 99
259 1069
794 1084
412 524
303 846
512 611
451 601
241 642
247 313
449 936
403 789
965 1087
50 293
543 720
29 90
561 588
146 346
412 645
379 697
467 1075
617 754
602 891
593 1071
474 476
93 339
465 656
157 540
212 970
122 173
481 865
387 858
731 1013
325 474
435 605
35 226
427 750
1 4
846 999
753 771
619 691
450 770
383 680
431 985
72 149
53 401
417 714
111 113
592 1060
355 1004
269 406
467 1065
376 389
3 27
22 40
6 361
456 1055
752 825
425 430
703 783
108 345
28 236
675 950
481 819
21 197
428 435
501 834
661 786
26 275
7 33
1 102
578 1017
41 1078
18 42
555 1070
643 774
114 244
378 470
399 413
89 187
401 459
377 510
409 579
22 53
331 888
366 766
214 223
373 625
771 1080
13 993
446 731
40 43
477 718
676 784
33 943
43 233
378 568
11 137
553 569
723 1017
16 72
448 632
121 274
255 1028
401 822
412 831
89 815
474 662
64 269
218 327
538 683
1025 1030
464 505
282 348
447 681
92 224
726 919
651 825
518 561
124 176
790 903
976 1030
535 650
640 815
779 1010
127 675
122 251
188 462
121 372
448 501
442 952
175 608
314 766
3 7
697 1098
384 638
206 1089
421 1014
204 262
27 220
139 806
129 353
727 833
518 839
373 484
872 1071
469 946
570 620
93 695
2 19
708 819
384 615
831 926
644 654
43 56
440 775
479 623
217 474
596 879
1024 1060
340 773
466 769
1028 1030
754 827
330 765
857 919
455 796
862 1034
427 697
420 429
560 589
131 146
156 319
316 457
720 1035
303 1012
264 675
739 905
857 1040
497 734
541 1069
507 927
533 836
54 164
627 700
387 602
396 1096
438 684
86 116
437 868
91 231
617 835
441 609
619 1024
453 812
668 737
166 261
78 377
563 980
583 778
272 773
27 331
54 56
659 953
412 667
52 95
289 825
72 73
68 219
669 966
375 376
425 642
49 471
56 330
618 628
682 792
407 444
144 708
578 820
425 498
101 1011
725 875
119 162
399 445
638 727
781 892
464 956
126 286
399 481
416 879
975 1022
166 215
544 655
84 182
377 398
476 557
425 740
118 174
824 974
170 450
802 1072
31 929
132 603
422 442
532 802
1 3
225 422
535 993
10 991
62 135
694 720
409 624
816 1011
382 490
407 434
394 464
26 971
241 896
68 559
377 411
116 227
310 357
33 723
95 289
403 405
586 935
63 602
691 808
1056 1086
2 1000
378 613
206 241
391 552
80 690
407 676
741 930
454 608
238 724
256 772
409 722
487 641
120 210
19 307
514 515
243 689
784 1013
78 887
427 1004
439 1015
223 716
430 637
1 114
33 183
336 629
547 1078
100 129
33 39
1000 1023
297 643
803 1003
383 417
282 514
209 301
467 825
105 967
721 970
169 722
117 303
653 951
152 669
700 1032
860 1021
112 224
50 249
84 1065
310 962
27 939
69 1021
81 92
261 288
158 312
221 926
670 752
395 404
400 748
441 520
398 558
430 627
409 424
258 929
687 926
847 915
593 919
379 401
582 989
563 747
48 72
527 564
6 75
405 575
3 6
383 1081
54 88
52 307
97 458
527 1094
103 129
701 838
114 138
427 863
368 405
383 384
23 895
11 103
268 582
209 1027
373 375
192 300
35 87
588 794
250 915
67 305
6 438
252 579
486 517
649 1069
31 202
230 448
328 754
265 814
814 993
168 207
400 450
78 170
184 188
442 712
170 253
195 346
19 349
428 1042
791 865
382 437
695 897
835 1057
514 593
113 249
430 859
50 458
649 1046
403 725
538 541
744 789
196 283
420 814
600 781
245 324
357 465
38 1014
348 645
368 660
587 698
11 93
57 209
450 549
3 9
413 932
544 857
638 641
3 130
1016 1081
636 680
26 342
419 682
670 709
216 1033
760 868
137 331
416 649
207 804
20 340
66 307
93 144
646 702
478 480
572 673
543 646
248 283
138 826
721 881
251 703
6 32
473 895
254 628
422 441
387 483
26 1029
791 832
33 745
448 758
689 821
181 234
329 923
773 820
50 196
741 1096
101 241
303 870
432 526
70 110
570 576
689 942
320 959
250 980
13 399
1080 1092
160 1086
725 864
589 711
260 764
441 467
52 1000
222 279
489 629
35 947
458 1050
540 674
526 776
753 818
111 942
187 443
188 408
660 892
780 957
712 902
383 992
364 713
396 702
277 336
108 235
199 682
401 408
840 944
434 1079
266 448
397 639
98 226
164 171
484 527
11 832
285 726
140 308
377 400
440 456
531 989
388 940
4 11
222 233
969 1071
155 329
472 939
13 16
732 749
591 630
125 193
38 45
441 578
378 867
613 770
8 22
46 314
438 509
417 486
204 1016
947 1060
12 28
376 570
595 986
536 671
64 712
374 380
927 1087
93 101
589 799
156 157
251 431
41 850
475 813
510 511
887 906
571 786
637 960
107 242
721 730
496 877
424 443
469 594
970 1025
709 841
487 499
180 348
406 574
377 776
558 559
265 980
43 113
694 977
587 622
666 915
557 1008
0 8
773 898
480 990
524 1096
665 806
15 810
211 227
234 476
394 577
56 698
441 509
258 653
373 374
949 1095
139 323
7 24
678 866
381 988
101 296
781 995
60 444
88 134
704 1040
1040 1075
570 631
285 418
290 762
56 266
395 406
842 1095
261 326
580 717
410 534
569 707
901 1037
833 982
59 313
626 689
69 506
437 673
251 254
9 312
214 335
324 732
404 612
190 243
870 905
219 944
47 1097
431 714
502 774
36 41
87 123
277 512
556 867
408 852
220 652
77 78
560 986
182 396
456 519
1 204
257 804
497 673
462 944
361 1041
384 387
76 234
74 310
466 685
368 528
920 1004
519 660
410 753
417 420
641 1031
11 635
240 607
375 423
638 1062
853 950
124 661
204 541
342 920
65 117
67 163
730 1001
418 506
513 1003
231 908
457 842
31 325
280 1066
105 805
219 790
33 142
644 933
292 402
678 846
708 954
720 928
6 273
346 458
718 1004
991 1018
35 43
515 680
321 406
590 710
108 149
921 1075
400 586
538 556
235 747
666 970
825 963
617 934
176 554
382 393
198 572
419 540
91 595
584 873
215 661
678 800
656 898
96 301
567 969
375 390
473 547
245 280
482 1010
280 503
647 705
567 596
15 757
206 962
42 302
433 861
453 839
340 404
601 674
947 1082
659 944
459 590
64 240
517 860
1065 1074
570 686
762 1036
246 891
0 341
642 711
248 1080
34 74
45 83
48 237
387 606
157 180
417 485
85 649
131 765
399 616
384 573
283 670
4 23
429 724
308 434
382 383
307 963
468 917
376 425
200 757
895 904
560 920
410 975
400 409
17 119
681 693
677 1068
190 455
376 582
196 206
120 476
531 870
56 82
589 811
215 484
500 882
714 991
138 157
36 109
11 52
391 422
109 215
160 260
537 921
591 1041
4 278
471 567
254 718
401 737
125 195
171 311
469 871
76 302
970 1073
36 86
528 548
25 193
184 366
399 1077
212 842
12 30
260 769
143 333
550 608
241 347
562 582
866 1073
396 1044
262 815
31 128
875 898
990 1001
429 439
521 522
871 900
490 534
783 787
33 66
90 191
26 435
655 872
148 281
589 1043
160 780
66 593
135 198
66 364
48 50
467 528
263 878
387 1093
984 1083
251 940
268 318
572 995
18 817
50 1035
588 710
292 568
65 260
221 773
5 474
875 888
172 322
736 809
495 603
868 885
93 214
416 984
720 721
590 1020
36 583
191 228
464 652
214 998
428 549
52 298
465 845
393 448
472 741
412 461
219 295
931 1026
863 891
126 512
54 115
512 813
66 89
538 951
565 1084
590 997
35 595
645 704
425 521
503 620
649 903
257 299
653 1053
587 699
150 847
156 741
118 894
734 983
401 465
528 914
395 650
246 936
68 255
16 65
295 1057
538 964
585 896
79 270
526 581
625 703
390 391
8 246
456 485
555 644
60 256
489 555
34 240
436 1037
342 1030
219 285
457 602
251 354
418 760
131 172
23 81
376 385
803 830
695 888
433 739
577 1012
446 449
630 795
601 997
47 294
379 395
390 633
97 151
58 80
290 731
10 268
418 508
422 887
76 213
156 996
614 828
25 513
384 860
629 807
443 537
508 666
265 530
840 847
391 755
610 1059
250 258
641 1046
873 880
86 155
6 46
670 929
656 802
500 783
177 538
442 958
11 97
9 173
469 566
489 810
400 961
394 801
463 492
49 883
874 880
533 816
861 910
456 861
10 137
616 850
245 943
39 200
13 148
171 356
61 304
349 362
376 990
63 121
882 1090
800 908
193 379
811 1066
64 85
411 458
56 81
1004 1088
450 651
635 962
729 740
9 945
194 316
518 1051
224 604
570 832
517 597
1 186
519 786
248 1046
60 92
612 834
664 881
60 766
441 723
455 478
592 892
505 973
545 780
375 1043
745 954
448 618
553 1049
78 756
109 600
89 127
580 1039
160 416
527 996
247 341
720 753
203 643
199 264
63 111
49 176
374 381
350 927
743 1038
461 794
91 178
448 595
245 910
566 816
312 442
572 896
448 451
1038 1076
287 619
466 621
92 151
195 801
381 891
410 460
443 494
453 916
767 963
53 79
56 313
629 849
956 1015
88 531
68 287
814 931
317 1028
8 13
144 282
30 31
844 959
437 455
176 271
320 1038
76 183
34 681
436 575
21 104
69 1047
19 143
341 1097
511 605
307 955
404 479
522 1029
158 1012
56 61
121 685
166 836
308 691
79 868
205 306
677 939
583 895
37 987
448 670
158 459
412 604
124 466
42 284
100 783
76 160
452 1085
279 1014
492 978
75 955
149 904
280 570
732 959
796 980
928 1050
856 1031
488 635
730 1071
637 843
165 884
689 890
134 488
102 190
838 869
105 201
147 835
169 365
113 321
580 839
169 859
495 880
10 48
532 1027
230 991
658 1023
659 988
260 1013
143 348
282 363
337 973
75 824
51 350
367 852
413 968
89 578
631 1047
731 985
389 876
220 689
500 599
453 487
373 378
111 229
510 878
149 341
642 768
861 955
86 321
270 487
390 403
101 300
435 554
538 832
90 147
615 786
61 120
421 512
81 98
340 438
631 916
468 889
416 433
763 806
474 523
95 1021
797 804
365 652
0 2
1048 1060
153 589
10 15
558 903
33 35
579 617
388 757
409 551
462 706
145 770
575 583
146 851
694 948
562 649
472 1021
885 1010
495 595
234 411
684 876
683 1060
375 944
423 426
268 552
429 506
380 879
46 216
39 91
63 156
270 369
103 112
95 108
955 966
118 320
619 751
44 142
764 877
356 786
22 797
845 950
517 1005
468 1000
623 986
660 761
498 762
838 947
355 799
502 732
410 469
769 933
662 870
46 458
21 401
506 967
110 213
374 668
90 909
445 957
806 856
429 640
200 817
197 217
1017 1039
389 424
61 64
539 857
537 1076
124 678
10 18
582 589
55 169
505 900
219 277
217 433
31 77
280 1047
286 941
374 416
67 265
654 699
678 1056
591 679
509 726
400 410
499 532
997 1074
153 569
58 975
7 106
812 1028
1053 1091
486 598
28 394
73 545
333 621
566 743
365 573
421 999
24 51
55 267
511 663
1058 1061
550 740
41 225
111 549
577 873
64 208
310 349
558 716
94 352
101 211
0 165
186 355
184 776
8 25
86 124
543 714
421 459
474 614
431 881
29 758
712 751
557 648
755 978
734 955
561 618
62 117
742 779
185 367
186 332
606 626
794 826
752 1009
391 472
437 817
748 975
396 407
227 449
882 938
552 1063
487 525
106 159
745 969
59 84
723 1067
43 139
20 650
412 1025
26 315
413 761
698 1010
770 998
498 539
801 842
204 623
901 929
25 63
757 915
136 717
451 500
126 294
108 1000
519 634
452 544
771 855
236 282
156 173
126 150
498 696
565 686
11 20
447 996
930 964
26 328
519 755
290 932
285 408
376 563
837 921
1023 1048
500 598
420 489
443 738
956 994
569 697
75 162
396 397
669 784
242 339
954 1033
399 551
764 909
465 496
197 416
124 203
0 662
448 672
1 132
668 712
205 1067
309 370
40 96
702 710
738 892
957 1079
709 1014
573 824
51 748
426 662
511 849
780 894
411 911
516 964
225 492
261 823
95 153
223 976
47 76
445 760
52 191
0 1
451 840
938 958
66 849
543 694
722 925
168 222
787 1054
424 593
1 230
476 905
405 436
3 47
20 365
414 521
806 1045
590 746
682 829
653 1031
655 732
893 1049
611 805
650 1062
456 931
220 920
495 859
143 291
461 717
14 177
686 835
499 600
209 538
376 386
421 537
171 511
275 977
872 967
17 44
848 875
485 823
96 1011
472 624
383 546
349 1047
736 1078
22 652
839 911
764 768
730 775
429 518
820 1077
446 836
490 1022
733 929
511 587
69 620
697 1092
112 173
737 899
131 860
253 557
126 336
586 766
489 1099
169 563
870 1019
519 941
93 1098
57 358
102 509
107 624
74 447
163 641
218 311
569 1063
443 695
51 54
662 882
575 585
459 639
395 883
131 199
784 844
381 719
116 156
947 987
74 159
179 212
20 188
24 338
344 428
137 889
41 247
105 677
153 159
553 687
556 958
170 248
383 392
31 53
342 360
441 482
105 533
590 690
35 59
85 554
546 949
483 1009
386 402
242 1032
407 461
379 628
349 1014
601 1086
650 862
456 502
242 250
253 259
181 1057
590 847
463 892
203 258
400 543
158 1046
910 1059
403 468
60 394
379 785
868 1062
576 1070
897 976
50 57
61 66
567 841
27 73
399 619
887 931
19 69
704 846
356 657
661 884
28 154
381 421
223 887
419 533
135 136
378 797
210 804
197 605
512 617
38 60
757 793
12 825
134 293
888 904
406 864
91 480
599 621
776 928
617 675
375 504
161 166
451 908
591 1031
458 767
905 1078
584 614
590 657
426 851
155 357
701 790
588 733
554 591
838 1024
90 227
324 1068
131 902
541 657
559 562
430 677
615 722
536 578
325 660
57 580
10 239
249 521
405 1034
728 784
1 10
512 607
518 538
288 570
256 272
18 71
19 36
438 514
415 939
135 476
450 488
358 1079
208 317
581 599
493 715
259 548
332 532
30 310
361 824
403 412
394 592
428 850
299 885
933 1022
419 886
697 1016
771 965
153 623
443 462
232 687
454 471
552 777
73 105
379 477
773 782
569 866
440 837
849 1005
1068 1080
35 1017
560 759
398 431
1037 1092
628 664
538 856
369 898
10 736
373 379
452 788
668 678
7 29
394 438
484 1006
908 924
0 26
378 466
248 765
898 996
531 565
301 368
884 1097
90 184
165 852
421 549
533 610
398 565
757 992
584 692
158 175
171 294
212 969
796 840
34 145
566 643
98 309
2 192
73 481
79 561
472 901
204 592
384 788
380 409
87 910
431 454
237 360
548 1039
517 643
53 688
123 1012
7 1066
59 210
349 686
487 736
47 55
112 221
784 879
190 369
463 564
368 1086
57 141
737 803
84 244
290 492
232 896
650 655
506 870
458 979
933 943
218 323
1052 1080
405 415
42 363
6 589
0 137
721 800
219 553
373 382
236 493
106 792
410 529
883 978
624 638
789 971
453 756
65 122
397 568
857 961
475 487
47 189
579 873
43 484
670 991
602 713
568 571
699 874
776 1094
475 608
400 843
499 965
507 560
610 918
433 647
48 131
54 62
123 161
414 490
527 659
732 799
616 624
137 217
108 419
113 125
926 1051
393 1082
540 606
592 653
733 741
594 1071
883 945
422 736
345 1041
215 257
561 665
947 966
397 908
163 741
659 828
401 569
210 443
72 213
8 494
616 722
21 284
2 5
140 384
541 548
100 168
431 676
448 994
481 533
533 580
369 966
65 969
373 447
58 292
444 507
388 463
431 1062
192 408
444 772
49 359
496 1048
269 362
206 800
421 496
471 991
387 503
563 845
10 107
574 1003
110 194
495 530
379 764
565 854
529 937
368 611
389 405
472 848
406 457
670 912
175 561
74 658
1 179
386 744
47 1049
79 364
20 49
704 1090
569 636
536 688
639 817
93 118
158 1038
245 252
389 791
562 862
44 378
553 633
445 542
886 922
161 783
230 245
116 223
137 282
116 259
148 440
488 625
293 300
1 12
400 512
558 720
799 1075
605 801
388 394
449 669
158 871
199 643
613 777
490 706
11 34
802 1058
480 778
18 567
485 713
771 990
395 819
411 418
282 533
397 865
198 1064
271 1054
414 545
83 445
519 746
887 913
449 767
350 416
769 894
526 907
244 254
69 258
175 276
389 650
9 100
588 859
882 1040
59 595
354 512
315 929
523 729
531 590
909 1030
662 893
682 722
172 242
517 920
30 158
390 550
557 727
891 981
17 225
256 470
482 553
598 993
203 580
406 414
142 341
648 701
68 126
988 1035
190 417
366 908
901 923
813 1039
551 661
181 862
418 546
375 584
