# 1000 vertices, medium-sparse
1000 3000
698 945
284 402
537 582
389 604
562 675
480 493
218 456
624 915
423 596
789 839
448 509
69 778
846 964
185 315
892 931
96 243
623 626
185 580
57 660
537 739
905 906
266 919
856 870
11 400
820 947
633 712
54 856
465 490
457 486
160 608
62 222
643 762
782 920
52 437
147 180
183 777
12 221
55 820
496 828
181 587
462 686
487 859
313 972
475 476
26 384
434 624
688 769
249 987
339 615
269 636
557 694
91 141
682 954
456 791
476 477
781 933
702 789
194 233
526 563
446 454
864 967
288 542
194 498
315 379
761 874
499 725
172 330
287 317
7 937
746 831
86 147
71 284
19 911
584 769
489 946
624 725
929 952
299 785
45 411
614 797
605 748
563 602
690 706
3 5
474 673
136 943
834 836
336 968
353 383
442 986
149 733
534 544
24 64
676 893
643 716
267 316
673 738
327 330
24 329
144 245
597 865
629 668
29 35
20 215
507 562
700 877
747 809
92 320
458 706
249 941
23 220
260 950
611 619
35 194
561 798
830 843
572 813
45 918
450 558
203 272
317 968
159 531
741 850
277 895
449 858
66 977
138 328
409 642
477 660
614 931
731 958
122 877
460 464
559 586
763 910
248 315
41 251
721 913
190 868
417 767
493 497
90 372
616 976
458 539
367 946
482 896
23 53
82 139
589 730
263 300
335 468
382 400
532 604
129 894
430 822
379 511
604 858
664 909
442 796
528 719
723 815
482 523
588 770
506 551
258 486
605 859
382 930
289 702
407 694
1 829
110 507
704 837
571 573
25 894
133 756
346 720
620 694
28 819
122 746
458 781
283 291
854 897
106 329
721 782
770 903
562 874
166 874
68 73
471 872
780 953
42 695
611 766
155 901
576 894
688 726
25 233
518 660
21 757
538 638
360 631
255 286
120 241
130 929
320 415
892 986
112 157
24 273
212 244
309 442
71 879
474 738
171 966
672 839
3 335
140 340
767 847
399 829
458 915
607 629
345 480
277 345
538 615
776 932
269 341
650 856
17 126
269 570
101 119
21 96
680 964
532 800
640 662
451 912
501 998
234 505
482 490
12 541
555 560
813 855
579 688
322 883
5 7
711 807
319 957
689 905
245 928
15 57
159 596
459 479
52 204
40 904
804 891
189 209
382 524
239 704
111 555
0 50
180 246
204 603
109 631
151 182
601 913
660 999
647 800
554 572
31 302
25 79
307 960
283 523
139 738
24 937
176 397
111 267
207 878
337 350
755 863
67 346
527 739
8 31
176 927
118 162
778 995
100 788
321 756
48 332
151 833
462 466
641 697
500 758
43 891
392 816
266 411
37 210
217 406
964 978
266 676
361 419
101 868
486 679
257 856
652 748
289 659
789 982
122 402
854 962
481 600
412 995
30 664
65 542
11 13
513 934
279 767
585 959
531 988
413 587
757 885
971 994
664 843
235 580
843 845
80 377
835 990
89 871
8 129
57 659
318 700
164 376
831 956
476 499
153 483
467 679
501 592
72 149
373 900
8 21
574 661
753 892
519 725
9 740
49 547
257 725
531 965
51 211
458 486
395 775
702 703
62 751
475 920
547 945
290 349
529 631
782 811
560 884
136 965
254 283
610 821
530 712
470 581
302 359
727 997
667 717
7 33
465 502
751 945
458 463
348 591
98 974
511 963
197 687
166 291
478 557
517 634
96 232
190 913
351 867
35 481
703 760
41 152
974 994
56 540
584 696
62 620
668 695
789 805
8 11
102 921
210 454
424 563
857 939
476 610
252 865
357 918
473 684
205 232
703 917
234 933
324 332
383 418
162 419
253 308
933 970
222 729
691 799
251 384
66 976
851 937
490 629
352 924
116 159
348 545
95 136
20 600
93 584
593 907
556 876
220 661
494 635
252 613
291 312
589 909
45 665
309 366
203 693
48 819
64 269
92 188
24 53
163 922
60 384
87 109
460 620
72 358
79 254
438 452
102 237
8 230
700 866
16 579
315 875
98 123
128 411
374 552
453 845
126 450
164 333
66 701
131 830
334 372
530 692
495 734
196 258
433 759
587 817
455 518
32 564
259 463
612 730
369 594
610 657
68 108
456 482
15 102
506 599
431 834
604 991
383 614
710 780
130 205
542 787
543 752
53 888
815 945
345 767
192 674
261 279
171 242
749 856
114 345
294 541
42 851
404 709
251 616
218 402
202 723
64 115
349 742
305 852
554 653
969 981
347 589
732 888
137 450
191 192
156 463
23 199
675 799
63 537
357 718
91 339
273 904
489 794
448 756
466 890
781 902
43 707
570 718
491 574
216 226
56 991
276 277
768 968
193 651
204 926
380 743
102 878
489 650
157 585
468 972
487 805
506 818
513 714
190 847
17 547
707 728
142 807
705 884
505 630
9 543
203 408
160 675
76 187
286 671
534 922
132 613
232 700
221 462
199 523
533 548
285 446
72 73
60 773
408 962
891 930
443 511
503 525
215 238
300 462
655 659
410 971
317 551
356 771
558 577
398 624
553 647
563 957
44 212
281 713
529 555
607 883
247 348
206 310
159 464
366 677
557 882
462 910
155 759
271 296
152 833
247 613
355 375
587 761
199 536
466 471
4 297
598 690
502 573
225 939
315 338
808 994
574 598
98 489
66 128
35 778
638 848
838 873
178 189
77 286
493 875
10 641
868 901
531 758
361 984
334 967
743 757
923 953
128 224
720 773
230 766
131 378
329 479
474 488
247 446
466 484
457 664
652 760
303 606
897 936
320 924
576 621
248 261
6 239
639 677
351 768
583 925
259 276
357 433
803 928
477 498
434 802
788 885
67 371
88 165
110 561
40 762
395 581
415 788
149 260
690 727
363 369
328 640
561 842
69 825
941 983
197 565
537 750
691 808
22 304
101 219
511 877
594 911
193 716
340 357
0 29
184 604
233 380
824 964
154 761
930 982
189 453
169 624
455 838
402 417
669 681
581 834
507 619
558 701
740 741
52 75
392 409
809 957
555 961
456 802
543 578
482 711
116 999
599 967
10 752
100 237
145 159
324 390
310 455
455 730
461 624
248 251
693 867
865 979
617 877
109 178
335 404
848 926
397 990
679 968
606 755
420 628
572 762
498 776
82 340
417 824
252 262
651 762
168 757
267 736
333 681
19 405
359 590
203 751
198 227
127 841
284 416
358 365
521 917
17 72
162 310
167 425
188 219
97 589
189 672
517 803
20 900
208 313
901 914
757 900
78 203
94 556
42 366
515 878
154 607
862 922
494 526
588 719
234 307
426 657
272 599
88 927
305 367
553 581
265 294
382 699
461 614
54 376
895 955
276 309
139 154
204 549
258 291
611 787
59 576
338 894
40 297
120 177
591 994
195 994
162 817
563 603
155 549
723 741
27 363
131 600
518 717
238 583
269 650
330 437
327 511
197 810
258 268
650 792
609 611
574 653
527 541
618 925
88 616
107 629
550 561
181 578
462 677
158 711
627 781
294 455
508 564
484 881
84 502
491 740
305 321
188 968
255 500
564 581
268 582
22 32
541 597
826 846
479 622
268 847
843 935
849 978
613 967
28 48
247 272
391 774
366 601
338 390
100 976
296 622
473 663
80 94
121 132
301 328
693 703
326 501
39 62
383 397
631 648
261 520
115 991
170 927
147 269
734 740
40 143
621 683
259 367
589 996
45 932
143 155
175 224
77 884
81 180
166 404
31 359
247 249
142 721
486 494
5 41
143 420
250 254
462 811
164 214
323 387
119 966
697 714
132 527
467 746
147 161
654 752
143 914
652 828
266 347
531 767
415 964
142 168
404 842
123 563
799 846
282 736
145 322
543 777
682 935
663 693
218 980
627 856
565 795
233 471
1 48
254 265
26 221
29 821
150 931
503 969
549 936
724 788
149 328
159 787
554 642
167 382
83 648
563 956
752 892
649 879
122 230
348 393
278 972
719 974
189 256
146 560
322 377
151 638
481 513
186 516
760 868
11 335
20 75
343 845
532 595
68 460
26 643
689 844
288 500
296 504
506 951
489 639
164 842
555 584
573 632
584 907
947 959
778 921
284 386
202 725
515 956
383 508
2 142
988 996
90 749
845 947
168 848
498 723
906 963
156 465
596 737
179 943
709 943
257 288
82 107
127 258
47 149
187 309
91 341
464 474
709 799
258 863
259 599
27 176
269 872
396 833
491 576
537 543
477 641
352 906
276 279
107 321
131 678
83 867
300 307
228 876
564 911
285 327
146 923
610 649
97 127
115 261
506 820
482 612
89 797
26 103
107 177
819 908
524 874
411 588
349 613
156 972
333 376
699 991
1 15
94 997
33 84
712 781
356 737
456 595
84 989
294 533
326 602
531 891
210 390
120 762
429 843
119 946
279 935
23 155
723 832
836 852
0 208
66 382
194 302
52 218
724 876
81 690
208 731
659 667
117 204
682 879
469 506
101 110
5 780
407 711
192 643
665 826
252 428
584 609
737 851
311 334
310 369
522 783
224 711
513 585
12 303
110 609
205 289
44 106
631 955
518 520
396 823
744 746
248 250
307 336
719 918
431 780
278 687
320 949
587 884
275 389
252 814
145 688
59 127
99 163
571 796
645 745
42 532
110 321
271 275
263 271
681 933
537 919
320 396
369 926
331 405
282 778
336 520
824 832
263 536
730 825
28 404
178 986
135 350
463 481
92 654
499 892
40 378
210 789
313 393
233 284
154 894
717 971
532 925
130 802
33 195
107 144
397 737
684 830
111 114
717 827
110 298
782 956
399 846
49 813
121 164
826 999
16 636
229 780
912 922
609 921
256 388
362 406
255 280
502 529
130 923
1 18
74 88
44 325
327 942
483 552
220 816
721 838
766 989
459 460
329 988
351 518
24 123
355 488
753 906
138 639
51 634
812 992
772 776
300 817
117 207
657 709
615 792
328 799
208 554
168 252
462 470
720 994
11 305
329 880
465 624
122 779
424 443
641 966
643 896
102 163
288 290
873 980
207 365
293 368
611 714
43 113
248 253
259 906
277 954
528 536
226 729
400 616
346 645
0 8
566 648
625 734
472 641
378 448
278 281
66 856
696 794
469 715
22 175
460 932
209 267
620 655
513 529
90 575
4 14
524 687
377 488
330 413
186 548
779 913
565 575
493 556
364 405
24 77
317 330
287 716
621 741
210 612
357 402
355 478
601 619
368 417
60 938
317 451
549 837
675 833
568 707
504 951
559 658
393 446
383 432
103 118
800 949
680 804
243 766
66 87
329 955
247 248
385 441
83 405
491 608
123 212
73 620
634 773
432 967
525 866
697 978
817 894
86 824
683 814
262 263
302 448
388 488
546 845
262 757
731 827
649 937
43 224
463 667
150 207
294 480
88 232
14 17
753 765
672 777
510 635
213 757
569 684
675 931
175 236
541 851
353 651
432 944
709 844
1 986
25 148
266 274
242 820
314 659
275 588
494 626
29 38
388 465
21 34
40 47
826 956
26 112
593 754
586 629
0 914
97 172
509 791
286 862
298 836
529 589
113 153
393 436
560 613
24 453
444 810
517 651
376 612
575 821
339 873
103 108
823 843
198 605
738 964
479 624
92 215
170 543
733 769
36 692
891 977
141 485
373 871
38 509
213 361
131 700
101 299
48 293
168 209
249 283
461 462
456 496
64 646
799 835
464 473
641 923
422 476
541 576
619 904
345 372
93 974
584 654
617 980
416 661
837 983
456 617
471 633
5 43
578 579
11 877
256 973
400 429
85 188
291 293
290 297
568 687
413 813
156 971
32 447
705 921
85 273
586 704
377 710
509 866
603 644
126 719
594 824
513 607
254 267
793 890
370 936
38 234
684 983
518 542
117 118
154 265
34 120
6 21
659 666
57 103
916 996
803 939
49 99
396 701
142 821
231 633
445 593
476 846
40 773
39 957
851 872
617 705
193 786
24 685
75 767
303 774
211 511
140 896
214 845
628 979
481 780
842 908
210 811
247 470
4 334
472 817
259 444
491 830
603 742
476 558
415 462
308 336
238 277
161 173
0 76
780 825
11 85
135 758
424 632
76 443
703 721
109 248
674 923
755 768
463 480
93 532
433 717
228 348
140 235
58 431
195 665
454 776
400 805
113 483
318 363
469 675
509 568
506 822
123 941
705 888
357 699
451 892
119 153
259 313
68 187
0 318
120 234
274 292
747 890
419 530
519 617
658 812
349 880
641 988
619 969
292 611
233 525
725 987
491 820
572 665
209 433
389 400
68 982
137 709
111 162
78 214
485 489
818 927
36 397
83 329
204 210
362 418
97 901
502 541
892 992
858 999
222 523
325 356
304 333
335 549
342 445
231 986
413 734
42 678
633 737
19 20
370 772
258 302
360 987
126 411
384 563
23 26
76 181
729 826
381 408
561 604
309 389
567 684
552 784
130 683
114 967
151 211
37 46
583 628
41 345
434 685
614 881
554 601
555 566
593 678
13 103
945 980
271 398
397 474
675 747
96 137
185 474
812 981
396 923
224 402
638 685
641 690
333 345
279 374
765 905
148 677
616 782
601 919
506 910
61 380
142 225
539 944
47 216
420 727
147 303
399 704
572 861
12 115
638 806
214 887
61 416
13 754
647 891
720 875
613 749
552 882
5 255
439 633
249 881
61 681
129 556
188 642
588 841
499 992
565 708
899 962
11 42
210 251
140 830
107 653
443 459
42 115
324 767
211 710
920 941
233 240
413 436
113 849
476 901
68 432
225 236
273 950
136 307
13 502
122 143
192 733
294 335
754 765
171 530
603 941
266 273
258 269
46 944
283 362
205 788
687 940
276 997
85 197
252 374
324 479
14 582
498 515
582 774
7 543
589 670
643 790
63 66
496 591
169 196
310 989
66 220
280 329
669 927
762 826
334 565
147 293
51 734
212 459
671 973
305 358
690 986
905 911
454 975
524 545
683 947
124 166
395 660
258 511
378 427
248 497
542 715
771 916
456 675
509 538
609 625
26 124
280 306
423 843
230 714
192 193
161 843
763 948
84 251
93 708
145 755
67 427
386 552
472 512
504 544
60 796
109 280
325 987
175 225
619 939
254 289
66 89
746 751
176 864
371 545
549 960
724 812
370 729
597 628
233 989
697 715
513 894
716 728
559 781
625 955
207 213
292 666
378 440
251 256
817 896
146 728
382 559
301 342
419 706
247 371
405 808
190 654
25 29
630 926
10 49
155 553
509 636
7 389
3 10
1 229
276 434
569 650
252 485
572 841
730 869
16 65
581 926
592 935
574 621
177 656
313 437
699 881
376 902
5 55
723 866
13 590
342 500
309 323
114 901
403 775
424 569
531 781
511 537
952 954
34 649
120 652
529 591
23 719
579 857
652 698
488 855
487 710
154 421
855 877
333 423
442 824
145 192
133 892
608 627
662 747
753 865
24 576
10 412
468 998
718 764
136 408
134 335
496 571
72 652
123 963
675 802
279 802
153 168
639 736
182 869
700 715
39 66
616 981
174 785
523 524
195 579
240 730
807 957
617 982
504 547
131 185
395 869
246 926
470 554
649 785
503 551
586 994
42 867
573 646
144 240
284 400
537 580
502 851
68 101
460 891
156 708
78 151
178 238
123 302
158 934
477 534
582 587
2 12
164 977
267 432
40 798
263 318
522 807
268 396
508 643
574 588
852 978
545 790
631 979
571 699
323 597
42 206
85 805
41 390
140 512
118 573
29 910
68 752
598 801
359 901
676 757
636 684
268 288
260 284
179 296
374 800
322 381
529 594
147 492
385 809
29 802
504 766
315 979
195 834
140 898
684 733
531 640
824 856
570 711
462 769
180 791
641 771
195 425
31 811
298 517
558 593
404 535
89 114
536 574
249 252
456 465
522 676
728 924
460 472
500 508
484 829
444 756
445 572
267 422
5 156
618 765
282 550
16 22
496 659
34 485
548 669
156 590
699 838
516 982
37 81
269 467
294 789
106 589
87 347
394 647
393 768
44 385
639 680
36 530
710 969
50 285
140 587
567 840
500 521
492 517
518 655
329 868
169 650
370 640
271 289
531 594
394 768
332 793
506 680
317 930
607 732
64 484
392 844
498 825
201 984
152 188
470 763
624 821
464 540
487 932
483 553
447 487
146 230
165 243
403 938
169 771
185 221
266 295
314 860
597 840
704 786
89 104
173 741
35 133
496 528
661 824
69 949
321 496
573 711
26 987
410 424
470 475
414 431
41 69
491 943
706 868
82 595
194 836
771 997
311 338
172 897
461 771
442 529
715 916
345 825
287 475
96 944
891 998
222 345
256 258
828 829
58 917
581 729
253 369
499 510
121 973
28 745
570 799
131 263
391 568
99 805
269 313
477 491
36 111
165 750
345 946
688 711
282 926
199 254
458 514
682 896
106 700
343 384
68 179
461 519
349 427
1 9
22 706
122 793
422 942
287 897
55 474
185 849
53 550
186 585
266 285
295 608
410 558
521 920
497 828
259 282
65 151
629 718
82 91
609 889
182 407
580 862
179 518
49 817
746 894
269 820
27 389
371 953
628 758
273 301
438 634
517 518
856 887
686 735
480 487
698 975
859 892
332 472
252 363
596 927
516 818
187 908
57 124
723 888
121 145
263 903
349 826
213 673
562 790
581 840
887 995
43 490
252 255
611 682
396 794
363 617
762 851
342 414
540 658
328 479
26 28
373 401
772 901
423 747
127 834
74 327
521 910
345 913
31 637
861 978
520 536
486 543
731 985
92 95
351 355
877 959
235 552
257 311
649 686
569 577
280 969
199 715
786 920
219 464
135 730
6 994
10 61
469 575
328 636
613 885
500 599
785 997
818 994
23 116
303 399
146 452
31 614
271 861
57 523
699 893
72 157
67 982
805 911
631 795
456 906
561 959
729 772
147 416
700 894
143 711
272 304
163 397
323 498
67 429
727 884
134 190
519 818
272 569
446 605
118 245
4 260
584 655
481 971
310 415
76 248
77 213
334 809
95 118
466 699
667 689
498 880
112 436
708 726
251 896
72 628
99 353
88 115
0 2
237 732
0 905
206 973
280 959
496 583
467 785
233 618
372 633
19 100
382 826
199 970
334 786
690 713
240 742
293 339
111 219
405 437
292 380
330 672
553 564
616 620
756 780
796 816
90 690
144 481
298 310
229 476
291 945
186 663
360 370
858 912
571 590
677 837
756 901
493 527
43 470
77 203
123 170
269 898
106 117
466 509
324 425
478 483
307 781
74 579
642 771
588 800
94 228
501 652
28 957
539 615
363 947
639 702
305 448
42 712
464 621
108 428
656 791
232 872
248 322
341 370
6 300
253 257
739 825
619 872
291 549
142 835
382 816
289 588
47 417
262 342
641 747
692 749
498 618
450 807
487 954
355 426
253 378
466 522
666 696
324 438
155 666
554 900
869 912
177 913
248 973
497 631
98 131
288 637
88 203
163 871
282 971
164 570
552 566
404 439
871 957
15 627
162 646
3 244
535 779
64 748
425 876
213 319
237 676
5 24
677 948
68 489
618 633
157 158
809 838
576 636
468 545
445 970
49 741
699 886
326 461
743 929
670 679
14 374
165 772
6 519
17 794
499 797
733 884
20 45
611 858
418 729
535 756
474 889
29 130
247 618
546 914
192 502
560 669
390 746
291 395
549 919
252 287
685 929
56 83
708 912
315 343
355 416
753 834
739 936
85 146
530 533
242 624
256 293
335 586
882 984
716 772
427 669
192 394
571 799
551 592
454 888
502 699
47 155
680 971
431 904
148 881
485 503
832 839
442 770
809 972
16 24
19 587
274 548
71 863
314 355
401 509
34 78
356 995
45 87
257 644
328 933
663 774
202 299
163 982
515 530
487 548
40 237
61 934
330 979
612 728
531 740
43 391
70 116
383 576
272 745
256 391
782 995
543 570
566 962
368 489
372 868
467 840
413 640
32 503
310 856
490 823
503 942
472 546
556 805
561 883
296 320
22 80
345 850
85 365
149 795
130 553
523 856
465 506
704 788
182 334
456 457
181 338
204 587
119 134
546 616
785 898
571 789
670 911
76 172
255 260
493 726
647 784
592 848
359 497
246 440
390 713
192 240
390 484
411 656
427 780
480 643
26 27
797 993
267 764
181 724
481 607
97 761
102 696
70 335
108 627
476 794
429 682
460 935
499 777
25 449
372 822
20 25
518 647
592 596
350 654
91 314
16 400
613 619
763 972
257 346
43 911
274 286
143 998
507 637
36 643
365 553
152 409
897 908
353 844
22 70
823 879
286 525
289 908
451 598
349 550
223 999
398 851
320 523
787 812
6 67
612 780
58 114
108 231
555 691
252 653
41 61
27 126
163 661
285 421
3 443
231 450
205 923
667 868
147 307
580 720
366 760
700 785
432 705
251 401
737 932
331 918
488 722
200 584
185 684
7 40
320 500
574 645
21 878
0 1
235 950
386 445
362 762
561 971
158 703
601 635
464 666
638 931
70 181
330 406
554 559
441 502
375 822
487 505
204 940
573 657
247 264
96 769
471 646
338 382
233 774
28 76
86 575
38 535
506 868
178 923
627 786
64 672
147 935
302 729
93 735
262 364
43 60
166 805
474 921
648 808
468 469
700 775
592 684
845 864
30 386
276 713
223 292
431 995
280 683
47 969
918 970
155 688
663 829
490 492
440 900
29 54
95 228
676 804
941 958
580 687
64 505
11 121
13 51
20 993
91 150
257 411
206 854
652 977
349 939
446 463
383 523
57 93
723 857
106 394
366 619
119 333
448 917
73 711
257 303
249 299
448 508
230 960
350 876
347 462
825 989
612 616
310 394
259 614
780 874
590 713
192 969
151 931
393 959
184 965
9 30
559 762
378 421
836 890
576 671
287 568
566 886
459 531
86 169
738 849
77 578
61 750
939 988
168 696
383 392
82 135
330 386
333 391
705 937
196 422
256 436
669 754
787 975
310 901
162 923
566 598
318 533
5 36
149 575
790 900
326 882
495 574
251 888
928 950
757 839
282 466
2 3
13 198
253 259
274 956
329 663
3 4
500 810
379 520
312 430
622 772
36 37
788 804
307 351
563 722
257 270
47 131
328 330
921 924
3 390
194 595
235 596
162 383
574 965
405 406
84 994
244 717
33 125
96 968
550 909
897 953
716 941
528 741
145 860
465 950
489 490
559 814
21 910
492 495
744 859
362 565
441 449
104 535
280 352
115 544
582 833
436 599
103 310
23 955
209 328
105 536
190 723
466 478
349 896
125 185
50 191
631 731
483 567
562 860
368 995
62 165
331 927
70 514
5 39
88 568
576 880
641 860
502 701
9 131
219 907
192 661
381 411
324 780
718 856
252 266
352 878
11 585
213 311
5 16
350 545
463 751
57 63
176 429
556 650
246 753
299 728
60 217
480 511
204 756
471 691
831 854
715 822
345 960
24 645
258 583
459 573
857 991
161 650
354 965
68 193
7 183
920 967
600 697
211 507
483 557
842 904
158 617
18 457
253 360
214 252
647 665
215 742
516 819
468 550
642 815
510 516
279 763
379 441
469 743
262 301
513 557
765 921
713 731
429 972
103 313
86 718
298 897
588 736
91 833
19 399
654 681
5 6
440 837
244 782
35 788
632 778
370 778
334 941
877 960
221 426
602 612
313 509
0 952
484 656
311 319
230 331
622 706
178 958
8 138
660 818
33 82
501 565
397 853
199 343
437 809
364 410
102 181
35 765
120 989
29 462
277 298
591 723
458 459
16 114
121 545
627 942
55 105
306 361
427 471
410 418
565 966
389 481
62 86
106 272
409 984
167 962
36 213
60 570
261 331
66 92
356 977
155 844
444 681
583 876
228 648
98 947
36 69
41 184
553 853
62 881
39 223
10 425
555 899
54 239
521 757
306 603
300 380
26 140
209 936
423 859
59 174
312 354
232 245
397 578
261 717
283 476
158 561
120 714
102 171
74 338
481 576
702 810
200 334
551 757
604 912
442 850
10 173
463 793
227 696
607 837
40 52
54 890
201 680
385 989
230 298
587 944
580 676
442 971
147 937
65 230
384 621
155 798
307 926
190 261
556 584
782 810
346 365
410 758
457 461
449 457
220 405
551 770
298 324
65 122
663 831
196 313
247 773
137 901
641 663
741 750
30 509
900 923
176 978
492 540
699 753
598 850
491 495
195 582
475 487
361 385
719 847
197 542
16 467
442 984
35 480
270 612
72 102
12 762
207 821
109 286
35 71
324 848
65 508
578 993
191 584
7 503
413 962
554 672
72 632
359 662
811 971
490 736
743 953
490 507
630 667
422 638
576 696
289 337
459 785
713 930
163 872
605 759
358 473
94 772
179 996
423 453
39 985
341 649
173 427
87 95
681 754
229 853
4 97
257 655
444 661
410 519
436 657
327 979
323 371
642 762
16 974
580 787
501 643
646 732
298 314
112 947
31 873
422 615
249 278
14 146
294 429
489 525
301 325
600 621
3 402
358 450
537 681
148 640
193 791
870 890
99 455
501 535
105 535
143 790
458 802
880 940
226 416
724 772
491 570
776 819
42 186
656 674
789 938
272 419
813 886
222 790
658 863
24 317
591 922
824 895
677 733
718 734
26 506
473 817
456 468
555 627
379 630
202 997
612 752
19 58
456 733
482 871
487 837
261 265
238 776
279 399
197 509
563 832
256 415
550 633
923 995
463 485
95 992
240 327
322 891
362 698
296 344
633 932
499 523
46 89
478 500
403 735
40 912
344 420
317 403
463 606
331 975
378 907
26 339
639 948
207 271
352 360
463 642
290 305
554 760
209 317
148 221
901 953
505 724
430 581
341 881
231 255
288 726
81 396
178 594
109 760
520 968
569 744
809 842
181 519
581 984
456 458
866 967
71 504
783 969
11 44
254 854
22 202
322 351
339 812
440 715
420 657
331 579
281 987
532 569
145 309
550 623
174 601
261 340
264 903
110 616
913 940
696 942
407 839
762 887
83 190
854 970
294 373
251 448
186 202
176 683
441 837
542 740
60 62
202 820
939 970
564 764
254 867
583 777
307 693
156 969
607 725
17 631
13 23
53 59
44 90
549 900
710 854
10 97
500 635
193 218
46 56
504 605
355 662
863 952
473 617
444 968
551 573
228 706
129 175
255 925
471 549
98 187
97 222
196 201
328 649
309 407
253 326
24 503
74 769
603 704
703 791
683 733
882 942
526 786
480 490
539 576
459 467
124 626
450 876
773 892
737 969
64 166
667 990
373 921
19 280
40 74
84 675
77 779
315 687
515 632
272 353
50 389
381 897
487 915
484 501
101 205
475 532
723 783
364 844
39 379
611 950
423 750
83 422
54 624
704 769
78 981
522 878
95 167
40 231
459 938
8 19
860 873
242 860
477 497
53 664
14 178
368 447
69 788
732 952
366 486
267 889
396 774
229 368
36 202
414 679
79 200
282 788
457 640
769 992
396 630
185 855
587 835
606 885
767 802
416 724
982 992
614 974
48 68
167 434
122 920
46 144
726 806
21 725
151 160
214 774
296 435
830 863
138 901
548 619
226 605
266 412
256 627
382 852
549 700
507 883
503 504
788 982
375 813
561 674
98 684
74 98
398 796
