# 1300 vertices, denser
1300 4000
16 502
246 290
811 1114
604 672
223 306
152 920
34 556
456 657
736 791
555 636
74 183
0 5
263 873
546 816
624 1144
1084 1245
1111 1119
302 455
833 1025
28 1006
988 1048
1228 1295
905 1279
798 1153
739 838
85 1131
55 434
1083 1285
384 1284
847 1045
22 28
134 206
794 1039
521 615
198 599
337 943
283 972
618 813
399 509
642 1170
634 1166
1 499
1156 1162
565 1066
796 819
103 1041
748 779
30 642
250 911
505 792
886 892
665 744
316 776
284 415
249 457
321 411
1128 1185
279 565
316 1041
299 314
110 527
285 379
77 350
519 1220
492 1203
875 1004
1055 1200
62 78
692 1148
653 891
598 1104
578 897
26 1058
192 453
441 483
167 280
224 256
696 1118
328 871
252 1141
494 754
246 689
4 747
425 1298
372 914
275 307
624 1278
100 226
552 844
677 1141
12 342
151 271
743 1086
117 544
96 750
725 772
688 1299
144 232
1009 1205
323 383
392 1157
321 459
486 755
340 1226
567 600
208 927
1012 1130
99 1020
110 504
639 1150
551 1266
988 1267
759 1215
260 299
1120 1157
421 1156
755 1181
487 872
183 201
575 576
245 850
74 294
366 731
568 570
52 126
504 781
160 971
32 68
509 896
184 282
809 1008
132 909
594 854
295 378
879 1252
484 1217
185 426
758 1191
81 863
468 980
737 759
134 317
367 668
61 67
619 1032
353 504
284 670
206 305
100 1227
806 895
11 1149
464 866
372 374
570 618
814 1244
205 871
414 636
78 421
16 446
1011 1120
536 890
762 1053
163 236
35 50
397 1077
317 968
214 430
647 843
427 574
255 319
973 1273
261 807
825 849
173 923
17 38
413 1170
296 1030
699 889
5 292
162 950
166 246
1023 1215
422 846
221 447
766 1064
12 1127
551 618
234 911
762 1030
60 529
649 744
970 979
131 818
604 1267
4 485
482 487
645 1039
805 1028
1054 1058
18 1286
276 913
150 279
602 934
908 1269
417 1297
254 516
341 484
86 523
7 1133
584 916
591 924
199 1074
817 858
31 1081
982 1191
797 800
103 203
283 399
137 870
322 507
117 1041
402 1253
381 1230
783 1210
1052 1255
610 910
167 1127
217 1244
555 714
947 1089
854 861
198 556
330 1041
235 1032
319 437
110 592
95 729
568 1178
928 1075
174 613
201 338
472 981
42 839
773 829
864 1176
759 894
705 774
93 130
366 554
57 64
484 546
801 1156
303 1288
479 1105
1027 1090
1113 1242
71 493
382 1172
52 214
111 300
743 1151
238 261
808 1280
97 1039
128 389
36 126
957 994
521 549
385 539
371 641
619 855
605 957
222 890
274 708
1138 1191
961 1266
320 824
381 654
569 625
760 1096
919 1269
5 403
799 1087
629 1021
448 1009
971 1050
119 919
562 622
458 1288
554 847
753 1056
32 542
1234 1280
606 665
571 936
641 1260
159 1257
1177 1240
103 193
168 402
429 443
249 1150
483 1088
912 1085
398 455
662 1059
102 313
14 1283
109 209
815 923
1101 1137
660 757
451 1141
333 362
526 677
784 1201
318 648
128 896
6 116
604 825
131 147
77 176
16 17
216 1274
141 426
320 428
34 71
972 1257
551 706
542 1115
308 948
636 1042
564 645
133 458
207 407
288 1235
203 782
533 657
279 1186
242 859
583 923
124 229
178 874
555 681
40 1169
791 1217
581 590
529 1217
780 799
73 937
280 333
21 747
35 416
764 791
598 642
370 406
474 872
869 993
266 843
1023 1051
245 1049
21 109
297 1096
514 945
652 1144
915 1109
865 1288
230 777
80 832
317 516
278 408
690 990
467 1098
835 1265
555 573
620 782
967 1155
67 81
64 335
1025 1096
891 1016
181 740
267 780
447 976
509 542
27 273
886 1166
344 883
62 905
436 737
355 749
162 354
867 1189
270 1199
96 1083
102 977
934 1099
1087 1192
911 1232
17 610
141 1054
44 69
161 654
84 291
591 616
482 709
672 1215
334 582
218 779
586 946
738 1160
759 1103
12 122
314 832
270 417
344 366
363 465
153 506
907 1117
146 467
1094 1209
6 227
366 390
551 552
590 772
709 1138
34 182
40 76
119 369
342 1201
1098 1215
373 514
1011 1296
219 456
2 458
514 1164
609 907
362 621
843 845
768 1080
396 534
534 1142
515 634
20 283
439 990
901 935
33 73
563 1056
330 1083
252 489
565 571
606 609
944 1013
223 462
90 198
1143 1222
119 899
106 551
322 441
544 1271
634 936
574 805
948 1132
556 1282
806 1048
786 804
552 637
163 533
570 771
724 829
989 1020
643 761
62 221
34 159
289 937
644 985
1206 1283
944 1134
458 715
522 1145
111 113
184 1266
370 602
186 930
505 1092
21 76
427 727
1040 1107
66 1130
4 252
671 715
190 262
564 589
239 792
607 959
554 804
833 1122
773 1257
840 1018
122 127
423 1138
1004 1269
111 234
150 491
100 1128
65 1170
439 1268
451 1242
1035 1113
442 1273
129 962
732 846
492 840
1107 1138
237 495
187 903
829 1273
258 289
481 1084
251 1153
47 334
326 689
907 1192
14 157
948 1001
199 468
222 860
831 1090
35 625
32 211
63 315
790 1201
1151 1180
209 289
914 1124
161 212
611 1086
86 447
136 942
925 1282
82 413
615 647
847 890
7 10
10 573
783 1134
138 350
710 921
29 443
785 835
683 967
580 1220
388 641
616 648
727 1010
761 886
266 535
1087 1136
184 582
90 538
652 836
130 1285
657 685
531 546
187 507
29 70
349 389
687 793
221 240
265 655
679 789
973 1007
294 1127
733 909
1172 1216
491 738
410 664
417 789
474 1094
59 443
519 836
1 1139
783 1291
818 989
661 1185
9 213
606 1106
135 172
149 1010
597 1286
323 1046
713 823
1107 1128
102 669
571 739
263 623
1199 1211
1005 1080
304 395
930 1166
96 366
10 1080
788 853
338 882
508 539
677 1022
612 776
510 994
811 985
7 373
816 920
201 275
219 701
248 1253
93 296
173 176
11 114
204 429
652 705
548 876
1276 1286
575 601
780 1119
273 528
374 431
302 1229
796 1243
116 172
169 327
176 223
711 1284
99 348
1100 1245
791 984
191 202
1105 1180
281 733
103 238
158 928
619 1057
61 92
11 500
266 610
1081 1088
4 232
664 1065
119 182
703 1136
269 386
1224 1253
110 362
643 862
22 249
30 778
587 1190
73 331
331 855
297 1128
139 1179
478 645
212 266
1071 1159
137 1255
595 1050
73 596
492 1074
101 249
1069 1235
587 817
255 1247
166 415
1026 1273
312 469
35 569
251 459
196 523
57 99
171 1253
801 1191
660 1152
286 825
576 664
728 941
179 699
414 602
1040 1293
751 1190
478 766
329 1052
291 531
469 946
247 1019
288 642
402 627
588 674
341 388
380 645
38 616
184 670
794 1008
305 551
119 195
13 34
1159 1249
695 1294
83 358
648 1033
589 755
536 892
549 911
315 335
915 925
425 652
370 716
531 670
21 419
448 864
56 111
149 1242
1029 1175
607 628
799 978
265 370
926 1019
275 829
942 1143
750 793
229 304
496 797
1156 1252
928 979
140 375
47 147
713 911
534 680
424 808
92 1238
725 885
145 310
685 849
490 753
771 1001
541 1213
23 55
371 918
531 1285
994 1046
751 1288
557 1157
378 548
644 667
24 56
704 718
889 1258
753 1248
445 1085
6 645
559 974
655 682
163 745
444 907
261 1280
550 1154
88 980
630 1263
6 7
756 1259
950 1124
375 893
454 808
1017 1034
1043 1172
581 998
148 356
331 966
859 1122
182 614
576 919
601 1092
466 1047
29 112
241 291
696 1100
851 1132
43 46
372 1125
188 550
822 916
221 318
555 572
594 643
1038 1214
394 883
49 62
485 1267
568 627
1015 1087
746 813
193 1158
104 263
354 1112
653 1259
768 1246
342 729
542 754
923 1120
235 1240
885 1093
44 1151
97 223
42 324
83 325
1057 1205
1 435
609 700
72 724
54 1201
332 800
230 1018
504 992
463 1140
1092 1162
196 238
769 774
847 1102
653 971
787 971
0 183
49 713
333 1146
37 101
116 394
557 774
236 310
609 821
190 1246
545 1065
283 1065
604 971
545 656
191 244
413 1031
609 677
708 799
1082 1126
419 925
364 989
177 754
1048 1133
5 382
229 1030
12 278
46 191
137 538
363 1030
112 136
77 407
405 1292
591 628
1089 1250
749 836
691 1240
283 1186
867 1057
801 883
486 691
754 771
609 1207
277 468
0 834
38 43
608 1062
193 883
378 1274
1001 1173
102 207
1256 1283
317 1035
387 605
523 1103
749 1186
196 336
169 382
262 281
220 464
608 689
20 259
169 876
138 251
474 1103
305 1182
47 392
73 530
21 340
536 669
1115 1136
678 1018
397 627
669 1198
695 1107
5 889
62 148
407 411
532 671
363 1128
443 1008
209 841
563 924
1119 1291
577 822
83 436
51 138
401 1011
115 239
153 531
124 1111
255 399
220 441
732 1110
599 846
580 604
88 1045
141 1200
622 1095
189 453
241 500
585 1213
205 663
109 875
1006 1206
740 741
905 1074
131 368
258 409
991 1226
57 1093
675 877
587 993
754 1170
215 218
503 505
572 1279
1069 1182
1006 1242
71 848
260 1272
805 1072
199 1262
722 1074
324 1293
1049 1203
753 1290
231 985
356 1245
592 964
40 1125
118 141
48 720
357 423
259 266
639 1161
129 156
83 943
341 1238
930 1224
365 512
45 1096
266 1064
50 128
382 601
96 244
26 408
637 1236
192 477
83 799
336 979
151 439
437 802
790 1069
134 472
499 893
445 922
154 221
514 613
353 430
431 758
832 922
609 1030
554 1094
644 722
97 589
476 1031
1118 1172
811 984
678 720
482 845
191 1127
410 411
689 766
326 534
827 965
171 660
692 920
579 863
770 1248
689 1260
649 1187
333 1067
500 1244
542 832
93 740
521 1038
321 1013
688 1035
973 1284
700 1009
832 1079
874 896
652 740
711 789
382 699
903 959
561 701
352 707
15 39
339 737
147 158
1112 1218
517 780
349 787
527 1202
52 680
1020 1251
625 1216
28 997
483 1132
515 1264
172 187
158 289
579 611
1132 1169
267 870
556 744
406 948
345 789
246 438
367 548
108 962
173 188
26 1072
600 670
39 108
48 831
114 776
752 804
267 497
255 343
337 1199
15 16
173 453
94 1063
354 385
287 295
87 795
588 1226
825 873
178 1062
95 1293
789 807
601 607
183 997
705 844
656 1217
725 822
1012 1144
1086 1179
116 449
92 995
98 135
460 1162
840 1154
722 753
332 976
319 628
214 346
224 656
54 65
439 730
290 979
416 1235
64 258
682 945
438 1259
901 1169
422 497
599 947
188 330
1193 1277
646 650
797 1197
782 1297
645 654
561 920
136 139
1248 1249
26 267
57 749
240 376
80 1141
419 607
737 1182
401 1233
222 587
10 179
190 375
62 455
620 862
173 322
852 876
76 618
8 749
755 1172
671 684
540 1018
255 477
110 122
96 224
249 317
279 834
559 1117
8 111
612 1043
97 677
274 490
115 1220
657 1014
129 257
465 1109
665 1134
155 166
17 690
308 1162
25 136
371 544
481 1053
622 800
564 679
463 547
13 576
981 1147
650 1276
204 552
56 1291
646 1242
331 1001
300 605
567 869
242 929
593 598
736 906
583 813
10 1180
463 668
83 118
3 9
841 1108
1002 1062
968 1149
27 366
194 1117
572 840
389 984
172 949
247 900
1163 1244
80 228
181 280
213 349
549 1201
103 855
459 490
379 381
666 703
1038 1249
230 438
180 846
1077 1177
87 618
382 944
591 938
131 953
1216 1255
636 680
309 322
625 1196
309 1225
18 109
87 883
343 809
686 1291
843 866
129 1294
621 673
20 75
280 380
52 107
691 768
138 296
131 171
670 794
441 971
202 460
443 523
425 1292
228 369
481 549
280 645
298 693
1 61
584 1136
151 494
531 901
5 31
38 65
315 373
747 790
389 1082
247 324
92 975
615 979
238 275
208 512
292 1149
348 635
715 837
95 226
465 1220
796 911
329 1296
800 1061
600 856
351 826
815 1189
556 557
352 870
477 1050
930 1292
278 432
680 1266
614 912
555 597
1120 1272
1 977
645 899
791 953
396 689
556 678
132 759
581 1000
716 779
902 906
405 774
289 971
233 402
739 799
79 115
1172 1175
74 903
50 1220
828 956
759 1271
168 946
211 499
769 1172
625 633
426 1098
135 360
748 969
612 1108
295 1023
1140 1264
605 1069
121 1136
570 962
39 163
362 933
418 834
89 509
282 824
93 1037
144 1119
241 643
237 264
807 1283
1204 1248
807 1054
576 633
565 1112
13 556
254 1256
1011 1235
1023 1209
96 181
200 647
827 1154
285 834
571 1048
537 906
518 664
562 1228
37 1114
633 1288
148 456
332 802
12 303
76 696
300 1115
338 553
221 971
231 490
670 797
423 511
169 515
36 251
554 851
33 362
15 48
627 692
146 239
778 1153
6 228
214 931
261 634
183 306
940 1188
364 726
758 1031
64 205
170 452
722 965
219 1131
833 1290
302 491
500 772
137 540
211 1163
679 1268
602 905
149 285
161 259
62 1040
177 612
133 197
805 855
4 132
94 434
814 1169
909 912
457 1160
726 1205
679 715
719 751
336 870
406 440
162 754
88 805
517 802
43 1291
99 814
616 695
737 805
224 1074
828 923
286 640
561 579
660 738
141 142
725 867
299 350
704 893
854 1097
928 1046
722 798
155 342
489 596
532 817
825 1219
306 474
372 685
1065 1137
611 701
628 1019
544 1285
347 777
724 1252
41 176
900 1069
183 934
393 515
546 757
357 821
114 160
1219 1231
864 1003
496 756
789 1009
129 325
1169 1230
592 1218
60 454
982 995
26 312
765 1289
880 1276
713 870
31 656
20 418
129 1228
759 986
307 1085
253 1114
342 963
304 442
224 1087
1031 1036
370 387
140 190
712 761
146 1253
82 594
192 237
836 1205
277 424
149 504
829 1166
1037 1195
782 1234
631 922
83 150
12 764
861 1118
580 727
356 982
924 1174
317 353
668 1105
1050 1170
62 392
8 12
819 1094
544 889
117 593
125 268
200 1265
27 928
149 625
340 601
266 801
153 366
48 84
120 189
894 1044
0 1176
1133 1289
389 1137
266 392
925 1260
25 37
530 847
44 50
226 1030
749 805
295 306
899 1238
303 1213
727 1132
221 277
892 1199
52 319
74 78
27 146
813 826
165 196
218 351
810 1166
829 1179
120 719
217 1146
614 1111
189 1227
601 763
579 1153
581 934
571 1149
980 1168
470 1246
77 497
32 1249
56 1228
808 1241
914 1259
734 883
207 463
550 1211
1079 1146
254 1069
269 554
629 717
1103 1131
356 442
77 1027
507 611
156 762
51 480
235 1055
648 1224
139 938
290 353
235 417
822 888
635 653
315 791
212 1193
378 1076
821 1008
135 186
53 382
853 960
551 775
811 1143
656 1206
1019 1029
589 887
668 1180
71 961
241 469
33 440
236 1028
322 1217
383 1047
645 967
1039 1123
188 1137
112 324
254 1082
192 204
790 1205
809 1155
1092 1098
624 764
998 1091
917 1017
734 1161
762 1223
160 480
861 1085
738 1131
179 350
579 878
239 364
76 486
612 646
63 175
493 1220
76 257
660 1068
372 930
155 178
301 461
539 778
773 1094
210 602
238 850
952 1096
912 1023
533 847
893 978
674 1231
75 414
402 543
264 313
597 639
655 1138
216 273
1036 1095
959 1220
356 1070
631 1275
825 1140
354 472
559 612
529 998
1016 1116
235 371
349 393
847 1015
900 1170
698 1072
453 630
207 309
187 1234
551 644
652 696
564 583
19 374
651 1225
784 1260
33 129
777 1221
553 573
161 723
605 620
807 1243
206 874
329 536
616 629
876 934
26 498
55 67
261 401
389 1261
600 770
446 712
1033 1146
119 317
576 1087
791 975
42 479
173 962
30 239
289 728
702 1083
30 913
77 91
500 948
655 971
888 944
915 1047
534 681
401 417
153 166
524 896
576 943
563 595
562 779
1149 1250
433 894
113 395
739 1086
691 1009
858 1186
1006 1021
151 241
131 412
87 751
507 1108
51 74
246 924
106 764
188 574
595 812
454 544
632 959
791 1132
714 769
483 1016
758 955
913 978
291 666
799 956
478 492
137 1282
4 344
106 1029
376 890
66 584
107 585
322 510
348 382
308 346
419 442
589 890
401 1068
395 1253
374 1230
570 876
1212 1246
244 446
382 825
916 1104
278 1262
360 886
688 1017
123 830
473 534
125 1285
883 1192
204 266
317 1226
640 1205
76 80
35 1211
668 895
765 1236
120 123
570 997
126 1249
592 756
585 897
6 21
67 791
570 588
222 399
305 1108
561 768
139 401
835 928
286 420
87 1114
290 948
450 937
157 455
259 323
84 471
90 365
704 853
799 825
275 676
408 940
399 1120
221 476
768 874
553 949
967 1083
722 1252
51 293
60 1016
237 420
570 709
149 307
935 1216
669 980
349 481
260 403
375 390
463 1177
591 917
844 1134
924 977
290 431
96 337
208 478
635 731
574 864
698 1016
846 914
748 1282
1051 1054
890 957
728 1187
40 521
909 970
289 322
39 705
614 1022
881 1137
878 1211
193 354
5 154
274 953
745 867
51 270
23 59
222 1171
562 602
1069 1193
672 999
554 598
920 1213
1223 1251
612 868
117 746
664 1144
64 96
382 671
17 21
397 916
973 1112
778 1165
6 11
817 1093
174 907
551 565
514 1092
20 669
1102 1262
34 1278
398 880
194 1230
469 1169
372 599
605 950
497 859
362 814
964 1148
133 991
128 647
4 23
264 391
216 351
103 294
69 152
213 462
900 983
171 694
25 82
79 202
724 757
172 918
596 608
483 551
276 487
672 1241
1075 1100
592 1132
204 907
161 1174
1167 1183
1072 1211
644 913
288 986
558 581
35 540
30 1099
877 1121
22 341
161 536
629 641
94 217
766 1024
254 1258
1160 1180
13 1052
259 290
466 1257
303 476
487 1051
97 1045
227 337
59 381
577 944
379 471
751 1017
925 1053
513 1225
842 1284
601 929
69 1068
593 1074
472 555
244 282
115 397
15 459
703 796
47 491
191 1030
243 1220
108 129
956 1242
1062 1143
522 641
640 776
67 97
12 161
271 650
19 20
315 836
629 883
645 711
358 389
614 1169
830 1022
197 1109
430 1168
91 719
18 320
101 992
179 274
581 583
221 1094
208 975
803 1184
6 86
229 540
797 1110
742 1174
321 772
29 106
414 671
201 298
691 1208
573 578
794 812
289 819
598 900
163 680
113 1088
123 378
601 1171
572 619
269 432
889 1229
1091 1178
821 1174
375 599
535 588
47 1142
359 591
72 332
678 1045
212 721
468 1172
5 13
692 800
58 254
89 92
36 86
301 506
243 824
871 1296
687 721
270 927
105 222
969 1230
693 1146
554 951
868 1147
445 815
1146 1271
12 30
475 923
703 930
729 1068
708 1274
864 884
356 477
602 884
120 466
340 469
727 915
823 852
980 1095
66 1169
714 716
123 620
32 93
583 870
136 330
768 1181
459 1100
78 325
610 860
916 1195
1152 1292
816 1257
342 929
729 1189
727 1265
915 1236
567 1047
89 1008
508 732
100 120
658 756
98 1242
106 688
735 1125
497 1104
485 721
61 802
97 459
11 127
949 1084
55 233
881 1215
326 813
507 888
558 561
872 986
1086 1095
549 741
1017 1224
227 690
754 1259
501 850
701 875
1048 1248
740 1095
16 772
499 740
276 1226
859 903
783 1173
652 839
618 697
308 800
86 836
62 250
23 896
1068 1162
940 1242
285 816
275 888
937 1087
829 1145
120 456
6 583
554 568
72 528
724 1208
425 832
432 691
616 1037
1049 1184
1082 1218
300 508
492 858
860 1025
33 164
26 39
792 1119
44 173
45 138
832 926
710 937
726 765
378 427
804 864
638 652
132 1189
946 948
464 616
578 1275
68 121
1053 1276
948 994
551 1029
460 502
304 663
916 1270
399 406
500 983
95 260
140 411
45 259
229 605
322 424
1022 1293
202 242
680 1035
1102 1173
206 212
43 334
50 230
756 801
107 355
635 740
893 1035
100 761
1001 1242
44 680
24 622
846 959
19 98
178 271
803 997
834 1250
569 650
613 873
14 19
159 523
372 667
19 134
912 1169
1022 1041
553 562
732 793
136 539
623 886
362 702
648 830
497 518
283 329
994 1095
591 1119
673 743
336 829
697 728
373 896
306 577
242 1087
953 1062
483 1113
239 258
504 678
241 942
102 518
649 916
29 305
600 1289
155 301
721 941
130 882
169 1102
76 874
466 651
58 368
382 1066
696 1113
715 1126
289 609
604 621
54 1237
621 710
124 807
552 839
329 947
966 973
331 462
781 1193
662 976
229 1125
28 52
673 985
574 634
368 386
184 565
618 906
42 481
368 1060
1105 1173
408 687
497 1290
84 892
508 545
827 936
247 361
509 1264
398 673
560 592
177 525
839 910
418 917
558 891
93 940
31 62
218 1200
331 1257
155 772
153 433
188 311
684 1152
20 89
629 807
630 772
520 900
468 710
249 406
62 171
164 856
739 944
864 1204
526 571
189 620
629 663
609 834
496 548
207 445
98 538
572 952
65 1264
554 1163
272 1185
126 865
595 935
950 983
5 804
910 947
153 410
581 628
418 750
632 673
449 817
593 602
484 695
290 564
311 358
39 982
385 832
290 1238
686 909
434 465
766 938
718 898
46 1143
12 1001
148 745
207 831
195 677
877 891
209 1286
593 1132
580 784
447 520
288 1250
651 1073
358 820
615 1150
363 935
448 1122
85 1070
519 1182
728 767
560 811
213 438
887 940
629 1170
522 1193
290 541
91 103
683 881
52 749
290 312
853 1292
805 1252
205 470
23 313
197 349
183 451
795 1058
120 511
169 287
2 110
417 1292
569 1160
563 708
936 1219
556 669
163 1232
34 364
198 695
170 862
552 698
96 833
898 1192
500 1182
15 350
462 661
189 1140
208 336
1209 1233
343 1055
567 683
552 554
897 1083
214 824
57 1106
540 1074
590 666
42 160
414 706
102 1257
855 857
90 874
573 842
612 1099
181 238
892 1004
758 924
144 436
224 316
1152 1229
433 1213
353 1104
231 769
700 839
6 242
90 501
578 584
656 998
1008 1071
680 1126
1028 1049
44 470
397 774
307 1109
109 636
291 347
756 1121
603 613
95 472
576 745
28 153
501 980
74 269
24 677
243 944
66 265
596 1248
725 1133
164 571
431 506
300 697
472 1218
741 848
632 1170
265 739
662 704
110 865
833 931
155 199
49 706
89 742
873 1004
413 494
89 513
302 1035
382 1144
461 1288
121 731
582 1169
237 268
181 516
760 1212
358 1052
235 307
205 581
7 71
363 1167
195 945
100 119
699 707
435 777
70 127
145 270
582 796
761 1176
609 670
561 593
846 991
290 773
811 1033
1105 1251
203 247
154 620
177 1012
40 369
849 916
384 1082
111 658
267 268
871 1200
475 1200
31 140
90 226
851 962
662 1175
503 773
1164 1193
292 1264
765 1038
592 738
696 1204
314 1102
917 1172
382 748
582 773
189 204
117 185
113 331
345 717
688 711
390 868
992 1202
333 334
716 1038
142 394
607 1131
441 919
151 851
287 861
517 1094
53 285
931 1228
258 425
263 769
255 536
46 920
662 923
360 701
399 958
82 1102
99 288
363 1121
699 841
358 548
1085 1142
351 509
314 850
217 280
811 902
461 640
114 416
235 297
845 1160
687 723
758 1012
5 1183
321 1160
572 742
30 44
170 204
642 1066
454 866
1129 1184
281 529
260 735
729 805
40 94
39 278
380 428
223 444
405 1275
617 749
690 733
721 1215
101 189
187 378
34 285
14 41
686 699
770 1107
313 1277
32 95
37 61
473 1000
623 679
556 626
574 1052
943 1035
57 942
68 277
164 659
67 89
705 834
75 438
709 1133
650 818
255 405
36 101
377 1297
141 532
394 712
827 1125
34 406
364 949
335 397
396 1167
452 653
230 726
578 649
280 1221
291 327
758 845
571 610
596 783
102 540
21 323
358 1140
457 1033
6 343
597 1193
78 448
117 705
1100 1139
431 715
839 955
571 646
572 611
386 1238
583 620
708 880
22 58
399 948
633 1115
660 840
746 763
310 690
77 259
483 618
362 508
333 710
197 1078
315 396
324 890
439 877
298 343
281 519
1002 1219
631 638
594 750
834 997
412 859
41 49
381 1280
246 418
899 977
349 1068
464 906
186 1190
71 157
935 1165
42 130
96 250
193 820
1027 1248
73 117
838 1232
545 750
37 280
553 574
924 1155
158 161
473 990
57 1161
203 312
576 594
681 1025
462 1246
918 1197
1166 1182
950 1149
373 1137
1029 1213
1229 1238
1 362
1175 1267
928 981
684 1295
268 297
34 1299
710 1204
304 894
666 752
1125 1266
728 1221
82 1226
735 1117
512 1188
667 833
700 1159
742 747
1020 1100
607 702
764 1260
33 1190
703 1164
62 759
864 1118
593 624
762 1070
98 1090
270 379
689 857
101 421
816 1190
796 983
597 1039
498 880
683 1191
629 662
408 614
915 1205
214 483
140 534
57 765
187 237
566 642
64 395
129 790
1157 1232
9 990
866 1019
1033 1196
633 817
500 553
19 100
762 1227
177 308
891 1112
812 819
78 1089
637 787
409 780
621 1108
76 225
514 982
153 216
1153 1234
362 1113
293 1242
553 564
369 743
971 1077
762 1083
111 1122
264 461
782 1290
669 1004
167 794
701 1073
1083 1138
876 925
572 1108
167 385
242 1053
1147 1159
130 354
74 831
902 1099
61 74
202 1245
80 87
453 598
617 1115
211 427
689 1220
46 1034
602 1252
484 851
749 1005
169 430
212 1066
176 326
266 628
26 1284
629 1205
1072 1137
63 385
404 449
777 960
494 980
556 812
1236 1245
903 919
227 407
94 143
993 1258
114 1253
69 873
271 599
46 72
496 946
40 666
365 871
89 558
305 448
11 1133
138 191
131 1198
860 1115
478 784
187 1215
296 893
64 241
552 553
850 921
657 755
1055 1210
126 481
34 255
832 1281
947 1119
396 1245
999 1129
10 535
603 900
4 83
184 279
411 470
808 1189
59 693
204 257
636 817
374 439
296 1014
298 529
34 1014
1206 1235
46 85
586 587
696 984
42 460
93 1063
401 807
101 1183
715 817
699 1138
315 1292
1054 1186
436 1173
120 150
527 537
906 1208
18 102
61 738
752 1150
265 388
605 722
629 930
209 493
313 550
180 286
1073 1092
123 569
552 566
757 935
1264 1297
97 251
182 475
470 762
191 969
809 982
650 729
169 276
1014 1271
149 972
437 1259
824 1110
63 231
42 208
587 1054
398 1267
2 135
242 382
61 1124
368 607
222 812
592 760
95 857
1139 1158
757 827
602 810
955 1077
721 910
191 272
1232 1242
112 128
291 359
470 510
760 1103
499 653
120 1151
790 1274
897 1108
649 1006
690 778
92 680
351 940
172 294
87 1010
551 965
726 737
930 1141
245 284
54 424
59 539
302 409
277 990
416 1185
98 759
974 1067
26 96
397 763
824 979
12 18
1009 1290
184 1064
213 453
771 1238
971 1034
335 936
301 831
862 1127
970 1218
543 593
1 273
181 240
732 1017
465 902
178 580
684 977
66 110
272 1298
5 14
152 1116
577 585
234 777
134 510
343 1178
780 1179
1087 1101
1074 1131
302 1060
584 746
118 156
857 904
809 1093
750 778
1118 1174
561 991
183 1225
552 1171
636 676
370 377
186 705
887 932
20 35
11 66
218 279
310 362
25 724
882 1082
188 522
599 1139
367 753
588 682
288 1134
585 832
400 1195
749 1083
190 302
2 102
607 999
101 1127
746 785
337 766
174 1117
453 1206
70 93
702 864
86 595
546 1025
534 642
623 1208
1 816
436 973
447 1248
303 480
275 647
163 177
320 798
246 849
554 736
1176 1277
669 686
973 1214
39 519
853 1032
462 473
362 1289
907 1003
327 428
519 598
116 510
139 722
125 824
61 165
119 664
85 522
250 855
1066 1261
381 1158
26 27
45 1209
31 142
1045 1058
814 1162
633 1150
351 1172
575 651
714 995
691 1091
647 676
1046 1139
1100 1259
617 1062
1045 1094
157 403
436 721
829 1061
715 1039
332 1158
822 1022
815 897
269 1218
688 942
520 571
659 915
182 841
71 336
150 629
509 1056
872 879
1031 1281
569 841
50 133
719 1274
861 1278
749 808
1042 1061
199 750
765 1161
309 1296
167 309
573 582
603 1099
891 1157
214 1058
161 903
148 933
238 369
10 96
236 259
588 976
708 892
521 657
372 714
681 795
459 682
331 496
97 329
916 1186
877 1115
400 1041
476 771
669 1049
100 749
205 545
41 434
642 803
55 103
551 801
124 468
481 1114
582 788
956 1115
239 943
183 374
576 714
29 87
128 209
653 668
85 247
619 675
1052 1088
322 834
71 169
751 831
774 1223
292 1220
476 892
621 901
35 1149
826 1270
416 1106
834 865
6 1271
52 1238
626 836
738 748
77 248
267 754
16 1172
576 606
571 1165
566 821
221 378
56 799
14 982
739 978
0 1
135 863
724 849
152 1181
398 419
776 896
830 1016
52 685
882 1026
637 966
401 1104
575 762
669 918
690 712
123 1239
582 621
463 670
562 563
22 24
554 559
112 363
664 1105
209 790
23 105
259 1056
720 1265
848 1042
470 1239
531 1106
712 852
553 599
417 446
2 1250
1110 1127
518 1252
170 834
3 577
651 878
586 632
145 252
1118 1167
75 682
145 946
242 450
50 100
899 1208
228 286
26 151
927 1047
595 1211
262 364
761 1014
580 710
347 508
784 1263
646 655
686 691
1173 1224
380 505
139 967
788 1233
372 1175
620 1011
1277 1281
36 57
287 722
283 343
347 1002
597 1293
787 1008
224 1011
327 349
222 821
198 235
205 360
124 435
624 1130
42 482
350 369
1136 1278
81 473
689 967
0 256
219 443
345 519
445 606
971 1210
330 805
682 1107
811 992
184 193
574 1165
230 309
355 569
568 713
28 174
786 1164
535 536
144 794
342 370
84 520
530 686
604 635
24 60
256 446
348 709
1042 1126
834 1097
252 741
661 760
845 1106
129 936
851 1186
258 492
610 831
95 1288
506 593
216 940
565 679
125 264
806 891
846 927
618 691
776 1128
273 1065
610 687
20 647
293 485
54 60
625 815
704 879
692 725
377 484
209 757
51 54
263 319
763 785
171 910
80 1280
52 544
163 906
665 1116
250 645
350 732
1032 1175
434 1140
7 658
24 73
521 879
636 829
36 47
660 894
626 672
225 328
91 248
798 864
663 819
454 825
68 344
120 162
100 333
559 847
750 823
407 978
169 432
258 1035
1009 1083
55 181
647 996
867 1228
772 1256
82 1038
33 279
519 810
711 1133
737 889
710 872
702 1197
808 1178
265 750
148 1168
13 306
132 257
589 1256
108 803
79 251
114 1026
117 772
197 386
514 1082
196 278
22 125
576 648
1007 1280
99 345
362 575
542 771
795 951
646 1237
2 3
174 524
129 1276
235 354
484 1095
582 1252
11 88
552 555
772 824
131 153
142 428
3 4
687 1045
994 1282
846 1038
1140 1256
553 556
53 90
241 815
204 259
675 927
687 1130
73 184
34 1016
618 658
603 758
924 993
1184 1298
676 1157
360 771
230 253
312 731
19 478
438 956
340 384
350 843
967 1040
757 1081
638 901
1053 1080
775 1135
219 917
609 694
230 783
4 965
148 484
537 1199
112 418
574 592
650 1225
1246 1250
674 1204
612 704
381 951
798 831
35 314
278 1124
54 413
436 478
553 1063
344 1298
410 1243
496 529
700 1082
1025 1138
538 791
543 1135
596 732
1096 1198
137 1121
71 767
141 337
167 475
987 1111
131 781
280 352
60 83
622 1135
139 1130
21 766
352 1274
125 1232
532 1241
1030 1109
376 585
108 276
2 258
315 718
3 1126
0 334
606 1047
1062 1290
687 855
374 395
125 1268
171 481
310 639
39 145
810 1191
30 1259
137 1242
281 841
455 1143
758 915
567 1204
763 850
504 1264
1013 1141
677 1192
677 963
110 470
85 1051
43 151
814 1197
534 654
27 63
1106 1225
545 892
699 721
30 297
1126 1203
879 917
45 1100
511 521
17 135
86 643
208 340
153 404
311 990
1147 1262
911 1251
572 802
315 960
585 592
45 53
373 1230
734 1209
774 1245
303 1251
594 640
555 569
80 1093
18 215
598 939
831 998
389 802
469 645
1097 1117
734 1065
356 1262
498 708
47 772
238 260
949 1218
393 1037
929 1160
46 813
119 797
564 1184
327 417
780 1037
899 988
393 399
666 786
703 933
315 708
134 633
236 415
1131 1151
35 245
248 389
536 676
694 884
208 353
661 707
647 809
12 298
793 863
873 972
309 1079
264 891
450 789
451 754
744 970
769 1180
402 712
104 1055
835 1274
589 804
762 875
33 357
671 1251
59 1169
1119 1298
564 896
797 1247
271 643
57 305
549 767
407 683
486 976
269 978
1058 1138
568 1131
4 6
314 720
774 970
813 1227
754 1141
396 1204
219 488
677 1074
17 619
663 1139
212 449
374 1265
938 1078
32 927
730 820
1064 1074
173 637
69 1216
324 1035
65 695
490 1067
685 934
29 220
1156 1193
716 741
855 936
220 425
533 656
80 939
217 536
19 26
11 22
415 929
976 1082
112 339
898 1019
883 890
874 1299
22 36
301 391
659 1002
743 1261
66 79
1093 1114
156 381
165 875
694 730
859 1063
414 533
613 742
879 1041
785 1263
611 961
899 1099
2 588
1016 1275
745 781
930 943
30 686
127 210
586 1053
1195 1246
754 866
720 724
625 752
785 1119
672 684
1051 1089
1070 1102
261 704
1103 1136
793 1239
175 372
262 1194
378 731
135 973
833 866
564 1007
152 388
1091 1161
631 688
696 897
1163 1186
702 977
1263 1273
970 1020
33 324
466 700
185 192
136 565
365 1062
35 104
278 914
379 817
134 986
252 367
749 1173
100 993
564 719
431 1272
68 137
634 814
310 1211
250 788
586 657
174 1207
114 927
25 32
571 614
29 331
84 267
1178 1292
359 960
1090 1179
621 880
627 1040
16 212
451 963
325 329
1023 1125
54 360
615 656
151 930
94 167
184 964
19 402
667 703
11 398
572 1109
537 1002
820 945
4 359
249 1093
897 1165
605 877
734 1287
43 1024
11 663
350 1261
842 969
901 1055
407 483
565 691
667 1233
109 417
695 1035
2 25
561 577
349 398
152 378
605 769
467 1064
353 1042
282 344
553 987
172 472
792 1269
245 871
442 1236
500 832
170 548
593 651
166 169
477 848
84 365
225 1158
437 632
804 834
231 1201
641 807
136 146
686 958
919 1166
45 144
450 458
401 831
649 667
713 1097
1076 1149
100 345
204 811
132 377
770 1222
430 745
538 836
85 1119
624 988
357 495
287 1074
759 804
1145 1248
42 340
357 1169
364 1028
1 222
134 194
247 400
1147 1294
529 1281
146 168
278 616
184 460
790 1285
642 1158
752 801
56 274
230 576
564 830
767 1189
599 1196
1094 1175
160 1234
249 1083
230 841
553 591
706 770
626 661
104 207
949 1165
895 1194
469 677
1009 1216
127 419
128 155
492 926
21 29
157 856
887 1110
201 899
315 884
1132 1143
837 1109
883 1076
149 443
36 1240
214 981
331 334
457 1233
599 908
838 961
37 238
552 567
593 605
17 180
745 882
447 1076
435 656
782 1029
0 356
735 954
994 1065
109 1166
1 55
576 1226
560 693
5 1108
97 288
108 563
605 615
883 968
694 1181
396 441
520 736
120 128
584 757
269 516
28 310
117 1291
229 300
1028 1062
219 664
37 624
643 1257
108 684
182 633
212 1299
41 514
582 603
166 545
211 696
416 1065
124 548
192 1177
630 765
435 669
943 996
79 891
621 945
225 716
478 896
289 880
659 828
315 1018
68 503
690 1044
109 541
718 734
562 895
2 149
243 1258
181 529
282 1106
819 902
233 1250
46 1244
106 880
30 1150
624 726
149 433
957 1015
45 870
1129 1207
160 442
136 234
283 662
974 1104
88 194
859 974
471 749
154 1042
11 90
563 832
4 51
76 219
613 1098
182 237
219 942
921 1214
313 806
94 124
19 359
352 648
1 45
60 131
880 1182
553 558
252 301
611 728
521 1100
12 994
631 743
636 821
215 270
1183 1219
686 1167
192 781
126 570
236 967
574 617
387 611
690 1286
190 591
618 660
1005 1069
638 867
957 992
546 1278
6 510
560 575
148 859
797 896
196 1052
79 616
79 387
532 592
614 631
852 948
1059 1161
13 33
986 1177
905 1103
633 644
374 1058
24 42
231 255
15 451
943 1215
676 871
830 929
66 533
456 602
1109 1247
411 451
1006 1271
618 1046
242 350
820 1144
1093 1159
558 586
373 1098
674 797
1034 1189
143 901
46 331
577 1093
400 414
450 909
118 170
204 359
750 792
943 1107
51 1083
823 1191
657 713
528 828
358 1091
439 1165
100 158
406 493
39 291
334 1228
230 762
528 1093
527 1277
171 1121
422 703
1203 1268
262 1239
643 671
339 439
125 187
50 422
831 987
407 1068
16 954
787 1209
430 1088
446 916
933 1034
666 690
338 1090
249 258
5 535
15 994
73 261
193 326
546 630
1019 1079
495 1073
938 1005
1137 1214
17 366
613 1294
469 755
108 484
27 559
962 1182
339 825
707 1221
565 988
296 1129
3 1105
242 1158
554 570
456 1230
31 300
187 813
205 947
568 770
782 842
1234 1268
754 780
860 1027
678 1050
69 677
838 859
982 1169
88 547
554 871
873 1262
636 644
557 1254
151 337
932 1051
94 706
1078 1142
111 121
716 1018
180 666
214 542
552 1175
601 659
1033 1219
192 231
617 932
1264 1268
156 308
109 462
509 841
102 566
288 464
834 1275
171 1111
467 844
454 725
1054 1278
948 1297
55 1128
400 525
191 531
573 596
527 629
444 1089
330 1104
16 679
103 567
1112 1139
32 98
15 454
822 928
34 324
124 626
584 956
266 301
587 1290
571 757
112 1146
470 625
376 1192
147 200
887 1142
372 813
84 675
280 321
726 816
233 1292
4 8
613 1284
1057 1181
627 810
1 2
554 560
1233 1257
657 1210
30 145
455 703
306 723
813 1085
172 1168
671 1001
171 306
529 917
74 602
1188 1227
28 77
628 630
692 1060
0 15
727 1283
593 1203
569 580
208 1212
853 1013
613 623
6 94
637 980
872 883
754 1156
502 526
326 795
217 888
346 544
125 396
261 1223
22 712
365 377
146 864
252 1174
243 1205
641 806
602 735
152 678
567 777
47 67
18 40
78 91
904 1036
957 962
350 370
41 438
220 669
121 318
649 666
229 1163
124 701
1039 1117
59 1246
187 1166
971 982
396 751
197 276
161 619
196 1251
0 522
616 754
231 1092
815 963
20 500
679 810
306 448
338 517
904 928
587 1221
109 285
1042 1127
194 243
