# 900 vertices, medium density
900 2500
418 811
195 882
16 93
245 739
105 207
510 750
849 853
279 588
325 704
503 890
334 789
137 769
217 469
189 550
91 164
157 338
128 311
219 578
115 866
52 401
732 834
269 515
361 518
203 835
71 307
24 195
377 462
441 892
94 290
320 602
239 528
421 505
345 775
446 598
259 363
150 456
32 55
15 411
489 825
468 473
123 847
1 67
478 895
106 120
35 734
117 544
584 684
123 438
84 367
290 615
74 173
387 404
143 681
286 846
140 383
39 71
7 384
162 178
74 294
243 511
152 887
348 533
113 258
206 449
331 709
312 467
633 702
392 725
205 341
89 309
818 833
35 832
553 678
251 493
9 551
139 660
190 217
339 834
129 652
96 475
33 764
663 702
83 356
3 18
14 256
253 538
118 493
6 172
208 881
316 743
468 728
173 694
309 704
460 873
53 369
507 539
432 774
471 473
103 455
336 428
377 429
307 630
54 450
21 273
367 681
273 637
106 231
324 719
119 170
6 787
26 616
71 395
42 597
310 640
103 347
9 11
359 389
47 531
31 852
27 473
333 745
39 447
13 166
291 519
265 381
70 142
195 551
2 7
187 318
485 506
164 334
8 352
248 413
20 555
714 743
730 867
676 896
376 455
471 872
313 435
66 149
86 127
110 484
249 499
180 665
42 57
87 208
179 291
118 424
733 877
48 774
130 700
35 691
152 193
105 118
597 809
415 832
56 76
562 851
642 731
518 781
30 203
340 774
687 738
266 336
144 310
211 894
386 517
706 873
82 600
212 221
444 607
26 210
253 338
492 620
384 449
289 440
108 365
179 425
746 801
67 104
231 584
243 409
337 373
440 465
204 603
157 262
532 813
400 514
67 225
615 847
510 651
108 113
133 435
148 298
19 184
149 788
219 358
304 582
38 54
220 848
241 642
267 780
124 206
29 234
318 337
149 150
128 585
125 696
460 686
139 185
118 162
30 278
201 691
580 867
284 725
171 668
56 452
365 533
133 147
136 710
44 69
68 426
356 484
74 97
77 660
390 742
289 659
174 858
589 808
569 713
27 430
420 770
233 535
0 4
126 143
299 745
91 716
120 185
220 272
513 525
438 531
12 14
4 10
496 621
90 198
140 693
107 516
34 303
754 772
464 790
591 894
295 832
22 557
263 391
328 520
419 638
250 537
442 478
379 687
345 545
633 832
194 641
355 595
790 815
107 264
600 691
222 739
413 456
511 613
345 401
381 732
176 220
37 550
126 362
397 713
546 576
35 360
443 600
17 83
190 383
76 132
333 548
5 337
113 810
279 842
348 447
324 764
386 559
83 787
25 59
391 674
791 873
271 349
160 512
22 282
161 477
260 599
408 763
340 708
373 625
214 223
773 861
152 248
631 777
408 619
78 564
306 571
160 862
38 119
157 219
450 472
128 421
202 370
674 854
442 468
735 870
515 601
240 482
72 260
560 609
102 777
546 674
134 617
715 891
843 897
664 666
609 730
345 800
554 794
73 341
6 845
481 809
561 689
41 165
251 649
101 704
348 810
207 462
24 606
89 815
527 552
248 350
508 575
258 629
129 893
512 545
399 488
182 261
441 750
342 399
847 880
291 662
9 455
422 773
637 661
522 860
479 898
154 284
660 681
19 239
66 171
390 411
609 864
656 796
181 566
282 469
220 494
567 867
261 266
184 428
520 871
94 125
14 16
514 568
243 742
183 877
210 565
61 622
72 106
575 843
669 770
326 633
573 653
225 321
251 459
220 471
3 802
85 426
190 628
44 245
157 451
502 714
42 92
199 713
186 514
40 131
432 655
336 538
316 480
568 781
252 724
280 643
753 826
417 648
34 767
197 379
824 886
62 420
120 541
315 600
455 531
594 689
708 711
412 798
387 625
432 776
26 88
424 772
589 876
307 861
302 437
368 648
160 204
193 530
48 112
440 487
292 509
210 290
8 341
126 705
594 810
34 250
359 535
246 249
261 786
342 860
475 566
275 312
666 691
5 42
310 498
42 46
735 827
694 789
146 548
235 360
660 769
6 128
92 168
423 676
242 750
85 537
92 433
565 616
38 53
60 629
235 481
601 804
377 830
57 331
71 86
301 548
301 319
82 769
820 847
92 145
12 36
308 852
208 356
593 841
196 647
135 780
402 715
437 593
56 78
192 762
155 206
647 668
307 599
160 400
489 496
588 618
18 87
47 788
468 818
85 671
124 748
119 404
527 607
665 837
20 547
354 801
247 446
465 897
466 484
303 835
196 480
264 498
436 461
715 779
302 381
148 323
76 563
289 707
53 207
111 148
62 521
451 482
98 852
65 675
30 568
42 808
399 700
71 197
145 146
215 470
166 843
393 742
332 646
65 531
184 339
370 529
199 876
297 401
28 127
420 880
211 886
38 406
251 550
312 380
753 760
610 748
175 676
344 368
503 770
425 442
476 524
248 251
193 693
319 540
258 301
178 192
41 452
65 400
10 464
579 621
257 606
23 110
296 305
188 363
72 560
79 456
55 736
446 478
471 651
141 516
251 504
268 736
140 816
391 398
179 744
274 487
87 252
438 775
244 644
504 720
62 115
814 882
14 38
566 780
102 825
37 287
344 587
650 779
333 694
175 257
485 828
35 771
673 762
179 227
211 588
486 527
199 205
438 487
66 615
23 882
14 159
601 630
338 894
9 755
294 887
410 653
8 530
678 733
172 861
127 301
341 410
55 870
212 674
229 843
16 470
76 255
82 186
294 743
276 466
229 879
177 423
58 243
129 532
57 98
160 370
339 750
184 584
89 575
766 823
131 312
351 352
108 445
69 337
71 792
187 329
632 859
99 216
351 617
58 364
645 798
751 816
156 341
22 32
519 838
333 419
16 712
90 661
106 111
16 483
65 259
552 606
352 432
17 39
394 434
45 137
503 835
137 220
187 715
209 245
70 804
61 81
259 740
204 804
852 876
390 665
624 752
309 597
673 873
424 663
55 680
598 699
297 479
601 741
502 582
165 668
65 730
56 761
52 382
221 605
21 22
160 180
104 694
20 880
296 635
295 670
240 883
10 12
528 612
84 492
421 751
43 45
460 599
376 865
95 357
9 25
18 482
227 247
197 633
592 754
411 742
404 554
209 235
347 434
64 225
363 787
238 298
756 898
494 712
301 583
67 416
206 574
0 97
98 632
413 415
91 364
337 505
44 777
168 318
50 857
527 894
81 170
266 481
471 850
44 368
733 770
551 730
651 817
133 891
309 708
4 597
128 138
25 391
305 674
178 224
50 304
127 667
208 512
270 307
576 679
489 760
28 810
625 800
20 52
433 450
70 398
155 771
175 191
39 559
405 653
113 890
238 396
316 724
212 258
249 634
276 508
9 15
88 308
599 783
229 692
37 113
28 522
297 567
194 325
60 474
626 742
167 722
13 435
254 461
163 868
478 614
692 723
351 659
123 157
175 433
87 320
662 700
37 499
74 121
9 666
443 778
321 672
199 646
41 209
65 566
280 491
525 667
53 183
228 709
403 561
668 752
128 213
74 242
119 393
77 576
311 743
680 726
238 759
31 51
75 94
140 452
240 539
240 310
284 582
204 244
736 742
167 591
53 340
197 842
231 755
4 155
43 375
9 270
703 830
716 769
214 522
560 787
131 524
157 662
267 650
65 844
627 813
200 480
55 879
215 868
618 764
659 765
261 755
154 629
373 816
254 307
103 812
118 297
16 515
50 428
124 377
439 618
638 827
671 775
503 782
62 402
123 232
596 681
146 890
272 886
573 697
12 172
59 104
215 760
237 519
395 547
9 103
132 582
435 848
144 147
341 841
68 682
39 130
45 61
405 453
752 826
425 431
304 321
455 719
91 851
279 493
439 860
298 506
308 785
463 579
473 852
319 565
500 726
59 346
148 158
347 404
102 716
29 732
200 205
392 784
321 760
87 300
1 754
77 255
62 392
53 572
587 622
786 831
309 763
376 524
152 779
97 614
245 369
148 665
0 129
192 479
30 151
350 507
792 852
464 529
689 876
316 514
14 292
79 687
218 616
254 310
187 220
632 750
133 249
247 271
469 872
22 561
49 286
69 493
122 239
34 163
72 418
547 648
549 837
33 283
46 402
163 658
95 523
582 870
689 853
656 676
134 222
21 165
734 775
118 506
48 856
314 417
46 523
233 349
306 333
618 685
191 203
143 455
214 744
260 711
8 267
104 729
678 735
204 407
223 420
407 766
131 602
532 617
304 759
30 141
344 566
135 572
91 157
157 331
301 870
390 533
176 610
73 368
106 136
534 583
311 654
9 60
301 497
120 156
368 407
92 323
345 503
111 336
191 216
17 329
369 631
343 579
103 252
168 461
65 634
32 48
127 316
421 534
755 788
547 759
238 827
244 492
68 495
307 777
730 880
682 803
453 751
120 133
305 444
244 348
127 666
290 464
175 334
800 831
378 693
151 385
108 689
744 899
696 859
91 111
37 665
728 811
179 340
320 873
615 641
287 696
141 233
9 688
81 447
256 299
261 414
148 357
40 266
284 663
418 892
1 832
241 701
123 300
656 800
116 261
151 627
425 787
457 819
105 288
444 620
811 822
77 189
54 322
29 149
59 666
620 733
547 749
101 891
325 821
217 730
123 686
5 285
379 383
538 785
659 666
255 433
802 831
60 257
136 661
10 256
409 756
617 705
474 885
347 701
382 393
30 350
194 867
197 347
685 696
80 436
269 897
5 33
125 889
454 799
628 835
134 300
361 491
119 320
107 166
59 126
317 650
161 811
390 634
471 708
691 711
72 208
407 723
280 768
365 726
800 883
253 256
60 90
12 50
141 838
101 387
212 224
123 146
279 659
56 501
233 283
178 347
383 716
208 635
344 379
241 632
339 709
133 461
728 899
486 728
130 801
20 669
252 826
338 457
12 27
245 378
717 862
463 637
126 686
116 758
324 558
329 349
320 529
686 766
206 278
291 502
152 307
733 847
397 520
288 842
275 643
674 877
322 346
308 411
306 630
18 343
565 741
466 619
12 40
315 715
142 415
730 814
59 646
650 705
73 135
266 450
53 77
724 770
243 317
42 184
193 874
92 679
73 400
100 274
218 638
136 196
107 169
365 693
402 840
71 103
399 426
509 823
4 13
206 785
674 890
694 868
123 378
784 798
20 780
763 824
62 139
73 377
260 383
19 177
143 850
28 491
181 324
426 537
437 695
327 823
214 766
528 813
682 871
29 83
25 49
392 400
241 347
1 20
386 585
117 726
673 678
28 648
60 829
675 724
119 506
46 293
345 440
399 560
369 797
579 756
454 612
331 770
397 752
586 651
449 762
210 251
63 318
163 176
22 200
328 621
164 778
240 279
281 805
116 329
283 506
93 754
145 801
32 515
21 851
65 283
9 468
603 712
407 886
368 815
155 442
355 467
607 831
26 291
205 379
806 897
171 386
38 122
291 302
638 675
86 836
81 492
305 502
2 464
182 251
394 579
83 803
372 677
347 504
250 651
12 105
250 422
376 418
3 56
209 390
129 281
135 175
487 514
273 554
267 367
781 817
6 66
551 620
390 437
182 408
750 829
506 877
428 549
162 170
4 487
570 898
83 551
115 354
616 785
40 589
455 688
13 721
614 861
174 180
69 472
462 583
46 525
360 535
136 827
82 298
503 620
92 757
53 649
829 870
203 853
353 532
686 821
473 677
598 857
22 432
154 588
36 187
62 325
414 664
172 456
130 496
391 500
5 464
75 416
38 89
348 803
523 655
96 359
620 853
385 721
540 744
681 869
110 522
664 816
444 547
548 604
78 426
489 820
11 781
263 328
432 694
96 336
275 567
702 820
59 305
446 714
224 601
298 550
220 896
27 730
327 613
205 624
668 763
113 132
8 753
497 652
55 419
23 58
366 726
92 194
251 367
444 645
505 512
301 862
261 789
55 275
176 193
347 569
186 386
442 837
616 873
230 429
535 656
95 204
781 797
86 384
305 459
109 404
121 378
427 713
23 709
173 388
386 532
252 452
52 98
101 399
385 832
795 816
81 161
151 485
35 719
285 485
416 676
184 290
130 319
49 65
86 541
107 335
188 409
240 599
43 808
23 601
239 454
364 485
285 341
139 403
404 823
172 400
136 892
46 181
11 74
124 280
20 717
290 312
433 706
414 464
180 297
323 754
286 543
172 292
208 889
432 517
402 754
89 114
118 586
195 281
386 486
246 628
800 885
406 500
310 383
337 486
297 450
321 807
575 803
543 591
87 311
519 642
284 367
17 23
125 868
307 350
207 412
639 680
612 726
70 114
17 108
95 436
48 95
245 789
532 553
384 575
17 144
120 645
455 635
272 779
66 265
284 753
30 571
740 767
350 698
511 615
696 697
876 893
280 868
48 216
139 334
66 121
71 465
114 835
483 818
617 818
57 72
616 673
210 659
688 698
232 418
47 781
90 105
62 272
494 683
14 195
422 435
21 91
673 834
43 667
14 869
430 784
584 842
145 306
106 723
227 604
69 167
554 590
185 607
292 590
84 561
217 267
576 614
344 636
234 850
408 886
107 171
501 705
45 425
606 758
143 731
384 794
37 192
194 813
556 757
382 604
613 882
34 43
49 431
54 775
253 755
229 892
166 198
210 384
158 194
327 789
198 675
96 813
318 597
288 834
202 794
101 333
192 866
829 892
675 834
10 480
132 177
559 659
80 804
58 377
125 138
241 758
49 179
35 244
536 675
309 404
91 819
206 391
250 434
57 268
127 592
109 315
99 530
191 613
54 644
0 673
641 849
210 891
581 804
660 719
184 610
618 722
4 5
192 879
506 889
174 565
125 560
240 510
460 779
91 796
600 673
161 891
165 861
84 119
15 19
41 157
506 516
378 596
86 308
493 812
226 239
317 586
462 824
97 582
108 857
99 134
229 738
330 561
262 277
701 733
508 567
500 563
142 855
263 736
318 443
238 334
147 704
48 582
91 135
36 199
14 31
293 349
199 342
546 715
538 711
294 579
716 717
47 64
459 683
347 362
224 371
304 400
27 500
500 720
268 297
566 894
169 849
51 448
172 854
695 815
742 747
54 81
19 123
178 296
145 348
337 698
236 237
3 35
279 693
150 728
346 374
525 605
262 640
397 456
243 361
202 738
308 756
616 872
435 711
697 717
36 68
349 528
474 788
355 459
641 816
86 563
651 866
63 287
329 406
11 96
475 496
882 883
540 625
397 433
33 385
23 600
57 513
45 130
464 608
304 390
260 692
183 329
48 284
34 386
105 675
546 826
766 829
110 524
603 802
450 709
71 124
303 510
35 201
308 625
300 621
265 892
37 656
12 483
156 756
565 775
270 598
737 887
356 521
152 642
121 246
184 711
847 875
166 397
439 821
171 741
459 650
412 538
303 402
37 777
147 154
146 275
67 131
39 212
511 696
614 794
137 720
633 807
393 417
545 694
432 637
11 86
537 690
214 594
445 872
627 849
198 586
1 41
239 358
92 196
370 698
141 875
102 389
248 672
770 897
195 437
100 465
320 697
5 47
129 757
139 801
67 782
113 749
117 145
721 897
613 806
66 179
24 182
381 828
56 214
213 872
662 847
375 525
75 84
708 814
153 183
319 444
478 617
156 566
391 469
242 755
147 517
7 214
16 708
53 101
351 698
56 335
160 572
142 295
809 838
28 44
431 806
66 156
419 423
475 849
241 682
451 641
74 654
808 878
479 739
44 253
592 616
717 876
212 215
63 123
529 825
737 854
703 712
355 380
453 686
439 788
345 366
42 594
644 662
16 276
188 797
91 864
217 711
511 892
124 403
516 598
23 845
306 788
675 771
653 832
338 448
780 793
253 260
391 459
139 732
433 721
593 859
371 746
25 109
258 460
144 209
717 745
92 693
739 769
258 316
281 708
155 489
446 781
410 858
92 814
550 609
25 724
602 656
6 365
376 838
83 585
258 437
711 791
563 664
206 655
614 895
147 340
159 351
10 371
325 383
296 585
473 626
105 645
167 440
131 746
100 121
416 766
21 731
142 383
315 454
285 840
148 197
243 694
586 688
624 800
130 265
15 427
730 818
484 497
32 516
253 335
393 495
93 117
196 475
550 707
109 327
186 839
195 250
486 722
60 205
12 165
372 557
644 750
650 830
850 855
694 836
332 749
427 492
311 726
351 390
48 581
55 211
10 734
500 598
132 202
416 864
89 240
221 545
386 841
226 480
238 454
411 790
114 683
369 644
127 473
99 640
587 723
199 498
357 526
133 818
215 442
279 463
369 765
53 794
183 266
67 91
0 1
237 731
130 376
254 820
60 280
152 808
352 833
387 711
86 454
148 694
530 696
503 742
330 442
475 531
499 888
46 503
614 695
289 898
247 264
28 714
365 399
83 421
336 601
94 659
370 743
520 767
499 744
646 763
313 474
115 718
377 638
230 476
291 306
101 554
400 887
55 852
546 681
64 263
69 607
745 890
210 317
752 786
117 275
3 24
20 342
393 475
150 717
572 855
151 267
585 645
383 510
202 498
389 590
1 99
7 30
47 66
654 744
19 233
112 461
317 601
432 551
175 517
657 669
32 846
44 671
389 446
259 516
217 599
500 542
232 233
262 521
172 856
103 268
433 897
62 87
11 530
688 778
620 723
433 753
214 449
647 862
27 214
262 871
5 46
777 828
214 485
10 17
422 636
2 13
214 570
427 714
121 150
8 93
85 456
634 635
33 37
205 229
145 327
377 713
41 535
221 731
511 829
224 507
552 601
832 884
209 384
482 771
196 265
254 535
252 345
437 656
757 826
182 366
179 706
520 770
173 546
100 562
224 857
347 439
306 401
411 603
154 569
616 743
45 891
391 890
20 80
137 336
183 452
45 518
141 226
34 100
678 839
431 553
67 542
413 770
371 395
549 810
542 771
168 444
382 553
534 687
212 636
28 815
4 49
131 153
41 525
18 621
80 187
482 496
150 697
502 590
160 332
22 102
472 833
42 462
227 736
172 800
407 703
13 175
28 792
20 34
7 769
124 500
404 405
622 893
117 232
87 469
152 863
309 438
349 474
61 861
112 418
79 241
204 501
255 812
383 503
510 693
569 742
436 478
512 882
376 729
425 505
409 497
408 681
182 225
266 862
487 681
393 674
210 552
277 462
148 726
722 849
216 223
19 432
321 425
238 885
699 865
732 862
32 142
366 396
125 715
420 632
27 63
183 805
68 589
298 377
411 583
264 384
3 200
448 730
312 806
227 353
212 639
2 500
302 532
400 775
7 206
533 810
167 344
29 230
95 175
29 495
65 826
33 236
311 738
185 333
230 521
102 564
153 646
452 713
264 662
49 445
105 117
66 763
206 657
95 152
174 216
518 780
206 248
479 672
18 48
23 163
442 641
388 670
78 773
608 673
245 770
4 6
403 569
106 691
208 330
207 514
284 325
411 429
366 772
626 848
26 29
439 613
132 721
255 383
36 79
293 638
252 786
251 678
37 160
71 73
85 874
475 651
102 289
215 346
808 860
254 423
452 667
39 269
120 868
256 612
507 868
404 892
687 835
111 639
472 767
130 509
449 634
183 255
102 181
468 504
96 107
532 897
347 363
336 613
382 729
143 218
255 396
0 26
372 572
680 688
239 271
452 644
230 717
234 867
26 801
113 806
524 669
330 575
590 614
126 659
199 729
701 747
219 707
81 99
414 425
196 840
169 886
305 518
366 497
471 550
44 68
322 836
572 602
60 570
149 764
21 844
31 134
764 888
583 876
283 355
104 878
426 749
167 409
0 3
98 309
578 617
256 337
226 760
78 596
427 484
4 238
330 817
362 620
190 248
87 272
171 680
285 665
109 705
2 313
20 776
589 784
252 753
92 243
678 861
88 767
25 827
176 242
168 201
574 660
97 586
512 685
464 874
323 669
579 595
27 527
98 816
7 140
164 761
56 670
424 837
445 631
270 779
452 490
61 376
223 703
91 404
268 854
442 827
435 702
146 456
508 692
126 361
757 838
180 863
710 763
496 574
580 833
79 551
228 265
406 680
324 727
446 573
184 424
531 797
229 575
416 581
69 357
139 681
24 880
342 372
363 431
656 684
177 829
7 9
86 302
274 618
420 821
279 324
54 62
3 654
317 701
45 242
571 846
497 668
464 491
66 710
69 190
63 821
216 883
274 595
76 85
320 711
97 782
257 691
111 308
402 780
217 326
629 679
360 783
528 596
64 641
480 556
394 516
218 290
411 605
40 778
223 405
582 832
242 504
674 686
581 644
371 505
131 178
444 638
28 431
320 868
46 894
53 753
19 611
489 646
251 854
113 246
29 661
196 280
689 707
676 737
74 174
196 545
53 874
656 795
168 446
193 768
667 804
5 568
91 348
718 855
42 343
315 730
414 889
494 732
315 501
386 790
80 189
659 805
271 580
93 128
262 611
323 590
175 463
443 543
120 527
235 477
127 386
534 810
794 886
492 664
30 453
390 616
544 674
27 75
707 737
600 611
430 545
159 496
5 401
438 814
592 872
399 706
121 878
331 422
488 671
181 254
57 713
753 825
193 228
746 786
442 820
186 863
21 238
173 515
154 273
478 742
599 623
72 203
8 713
691 706
516 625
323 459
294 661
136 224
266 828
548 577
193 349
219 487
324 540
62 540
447 876
468 670
55 235
175 188
487 683
627 843
452 725
177 606
53 82
665 689
392 451
75 366
174 866
202 290
433 568
413 739
786 835
126 151
116 632
286 814
641 862
53 612
660 732
312 543
699 723
418 710
50 314
63 333
424 604
557 639
142 397
286 899
241 519
94 320
254 458
558 720
3 467
94 585
91 171
200 752
91 436
5 18
225 287
147 187
116 645
2 623
651 889
335 832
143 482
477 507
643 805
34 432
386 734
49 820
0 61
486 592
125 321
177 331
370 646
181 859
433 702
371 727
352 448
209 814
110 197
608 819
24 768
404 760
90 484
57 536
410 803
545 619
804 879
14 345
616 679
7 306
353 714
728 740
465 775
5 116
4 8
63 94
187 767
203 217
287 854
3 192
394 751
1 2
165 864
389 529
57 693
393 728
446 654
164 639
170 570
87 572
162 486
263 389
248 489
180 620
539 818
12 398
525 883
534 623
580 590
251 680
19 28
218 237
274 663
254 834
119 789
165 756
300 801
202 378
521 769
492 742
85 467
217 394
4 21
38 657
192 486
586 754
39 127
457 640
334 835
415 643
94 408
650 775
84 809
46 288
786 815
159 839
200 840
46 553
267 372
38 549
346 665
145 266
42 519
158 730
78 441
538 871
585 803
44 70
11 122
150 466
281 391
279 467
